0,1,2,3
0,1,2,6
0,1,2,7
0,1,2,8
0,1,2,15
0,1,2,16
0,1,2,21
0,1,2,22
0,1,2,23
0,1,2,27
0,1,2,30
0,1,2,31
0,1,2,46
0,1,2,47
0,1,2,50
0,1,6,7
0,1,6,11
0,1,6,12
0,1,6,21
0,1,6,22
0,1,6,26
0,1,6,27
0,1,6,36
0,1,6,37
0,1,6,41
0,1,7,8
0,1,7,11
0,1,7,12
0,1,7,15
0,1,7,16
0,1,7,21
0,1,7,22
0,1,7,23
0,1,7,26
0,1,7,27
0,1,7,30
0,1,7,31
0,1,7,36
0,1,7,37
0,1,7,40
0,1,7,41
0,1,7,46
0,1,7,47
0,1,7,50
0,1,11,12
0,1,11,15
0,1,11,16
0,1,11,21
0,1,11,22
0,1,11,23
0,1,11,26
0,1,11,27
0,1,11,30
0,1,11,31
0,1,11,36
0,1,11,37
0,1,11,40
0,1,11,41
0,1,11,46
0,1,11,47
0,1,11,50
0,1,12,13
0,1,12,19
0,1,12,21
0,1,12,22
0,1,12,24
0,1,12,26
0,1,12,27
0,1,12,28
0,1,12,33
0,1,12,34
0,1,12,36
0,1,12,37
0,1,12,38
0,1,12,41
0,1,12,43
0,1,12,44
0,1,12,52
0,1,12,53
0,1,21,26
0,1,21,27
0,1,21,36
0,1,21,37
0,1,21,41
0,1,22,23
0,1,22,26
0,1,22,27
0,1,22,30
0,1,22,31
0,1,22,36
0,1,22,37
0,1,22,40
0,1,22,41
0,1,22,46
0,1,22,47
0,1,22,50
0,1,26,27
0,1,26,30
0,1,26,31
0,1,26,36
0,1,26,37
0,1,26,40
0,1,26,41
0,1,26,46
0,1,26,47
0,1,26,50
0,1,27,28
0,1,27,34
0,1,27,36
0,1,27,37
0,1,27,38
0,1,27,41
0,1,27,43
0,1,27,44
0,1,27,52
0,1,27,53
0,1,36,37
0,1,36,40
0,1,36,41
0,1,36,46
0,1,36,47
0,1,36,50
0,1,37,38
0,1,37,40
0,1,37,41
0,1,37,43
0,1,37,44
0,1,37,49
0,1,37,50
0,1,37,53
0,1,41,42
0,6,7,8
0,6,7,11
0,6,7,12
0,6,7,15
0,6,7,16
0,6,7,22
0,6,7,23
0,6,7,26
0,6,7,27
0,6,7,30
0,6,7,31
0,6,7,36
0,6,7,37
0,6,7,40
0,6,7,41
0,6,7,46
0,6,7,47
0,6,7,50
0,6,11,15
0,6,11,16
0,6,11,22
0,6,11,23
0,6,11,27
0,6,11,30
0,6,11,31
0,6,11,46
0,6,11,47
0,6,11,50
0,6,12,13
0,6,12,19
0,6,12,22
0,6,12,24
0,6,12,26
0,6,12,27
0,6,12,28
0,6,12,33
0,6,12,34
0,6,12,36
0,6,12,37
0,6,12,38
0,6,12,41
0,6,12,43
0,6,12,44
0,6,12,52
0,6,12,53
0,6,22,23
0,6,22,26
0,6,22,27
0,6,22,30
0,6,22,31
0,6,22,36
0,6,22,37
0,6,22,40
0,6,22,41
0,6,22,46
0,6,22,47
0,6,22,50
0,6,26,27
0,6,26,30
0,6,26,31
0,6,26,37
0,6,26,40
0,6,26,41
0,6,26,46
0,6,26,47
0,6,26,50
0,6,27,28
0,6,27,34
0,6,27,36
0,6,27,37
0,6,27,38
0,6,27,41
0,6,27,43
0,6,27,44
0,6,27,52
0,6,27,53
0,6,36,40
0,6,36,41
0,6,36,46
0,6,36,47
0,6,36,50
0,6,37,38
0,6,37,40
0,6,37,41
0,6,37,43
0,6,37,44
0,6,37,49
0,6,37,50
0,6,37,53
0,6,41,42
0,7,8,9
0,7,8,12
0,7,8,13
0,7,8,19
0,7,8,21
0,7,8,22
0,7,8,24
0,7,8,26
0,7,8,27
0,7,8,28
0,7,8,33
0,7,8,34
0,7,8,36
0,7,8,37
0,7,8,38
0,7,8,41
0,7,8,43
0,7,8,44
0,7,8,52
0,7,8,53
0,7,16,21
0,7,16,22
0,7,16,23
0,7,16,25
0,7,16,27
0,7,16,29
0,7,16,32
0,7,16,35
0,7,16,55
0,7,21,36
0,7,21,37
0,7,21,40
0,7,21,41
0,7,21,46
0,7,21,47
0,7,21,50
0,7,22,23
0,7,22,26
0,7,22,27
0,7,22,30
0,7,22,31
0,7,22,37
0,7,22,40
0,7,22,41
0,7,22,46
0,7,22,47
0,7,22,50
0,7,23,24
0,7,23,27
0,7,23,28
0,7,23,30
0,7,23,31
0,7,23,33
0,7,23,34
0,7,23,37
0,7,23,38
0,7,23,40
0,7,23,41
0,7,23,43
0,7,23,44
0,7,23,47
0,7,23,49
0,7,23,50
0,7,23,52
0,7,23,53
0,7,27,28
0,7,27,30
0,7,27,31
0,7,27,33
0,7,27,34
0,7,27,46
0,7,27,47
0,7,27,49
0,7,27,50
0,7,27,52
0,7,27,53
0,7,30,31
0,7,30,33
0,7,30,34
0,7,30,40
0,7,30,41
0,7,30,43
0,7,30,44
0,7,30,47
0,7,30,49
0,7,30,50
0,7,30,52
0,7,30,53
0,7,31,32
0,7,31,41
0,7,31,42
0,7,31,46
0,7,31,47
0,7,31,48
0,7,31,50
0,7,31,51
0,7,31,55
0,7,46,50
0,7,46,52
0,7,46,53
0,7,47,48
0,7,47,49
0,7,47,50
0,7,47,51
0,7,47,54
0,21,36,46
0,21,36,47
0,21,36,50
0,21,37,38
0,21,37,40
0,21,37,41
0,21,37,43
0,21,37,44
0,21,37,49
0,21,37,50
0,21,37,53
0,21,41,42
0,22,23,24
0,22,23,26
0,22,23,27
0,22,23,28
0,22,23,33
0,22,23,34
0,22,23,37
0,22,23,38
0,22,23,41
0,22,23,43
0,22,23,44
0,22,23,53
0,22,26,27
0,22,26,30
0,22,26,31
0,22,26,47
0,22,26,50
0,22,27,28
0,22,27,30
0,22,27,31
0,22,27,33
0,22,27,34
0,22,27,38
0,22,27,40
0,22,27,41
0,22,27,43
0,22,27,44
0,22,27,47
0,22,27,49
0,22,27,50
0,22,27,53
0,22,30,33
0,22,30,34
0,22,30,37
0,22,30,38
0,22,30,41
0,22,30,43
0,22,30,44
0,22,30,50
0,22,30,53
0,22,31,32
0,22,31,40
0,22,31,41
0,22,31,42
0,22,31,45
0,22,31,48
0,22,31,50
0,22,31,51
0,22,40,43
0,22,40,44
0,22,40,53
0,22,41,42
0,22,41,50
0,22,41,51
0,27,28,29
0,27,28,31
0,27,28,32
0,27,28,50
1,2,3,4
1,2,3,6
1,2,3,7
1,2,3,9
1,2,3,18
1,2,3,19
1,2,3,22
1,2,3,24
1,2,3,27
1,2,3,28
1,2,3,33
1,2,3,34
1,2,3,53
1,2,6,7
1,2,6,8
1,2,6,11
1,2,6,12
1,2,6,15
1,2,6,16
1,2,6,22
1,2,6,23
1,2,6,26
1,2,6,27
1,2,6,30
1,2,6,31
1,2,6,37
1,2,6,40
1,2,6,41
1,2,6,47
1,2,6,50
1,2,7,8
1,2,7,15
1,2,7,16
1,2,7,22
1,2,7,23
1,2,7,27
1,2,7,30
1,2,7,31
1,2,7,47
1,2,7,50
1,2,8,9
1,2,8,12
1,2,8,13
1,2,8,15
1,2,8,16
1,2,8,18
1,2,8,19
1,2,8,22
1,2,8,23
1,2,8,24
1,2,8,26
1,2,8,27
1,2,8,28
1,2,8,30
1,2,8,31
1,2,8,33
1,2,8,34
1,2,8,37
1,2,8,38
1,2,8,40
1,2,8,41
1,2,8,43
1,2,8,44
1,2,8,47
1,2,8,49
1,2,8,50
1,2,8,53
1,2,15,16
1,2,15,18
1,2,15,19
1,2,15,22
1,2,15,23
1,2,15,24
1,2,15,27
1,2,15,28
1,2,15,30
1,2,15,31
1,2,15,33
1,2,15,34
1,2,15,47
1,2,15,49
1,2,15,50
1,2,15,53
1,2,16,17
1,2,16,22
1,2,16,23
1,2,16,25
1,2,16,27
1,2,16,29
1,2,16,30
1,2,16,31
1,2,16,32
1,2,16,35
1,2,16,47
1,2,16,48
1,2,16,50
1,2,16,51
1,2,22,26
1,2,22,27
1,2,22,30
1,2,22,31
1,2,22,37
1,2,22,40
1,2,22,41
1,2,22,47
1,2,22,50
1,2,23,27
1,2,23,28
1,2,23,30
1,2,23,31
1,2,23,33
1,2,23,34
1,2,23,37
1,2,23,38
1,2,23,40
1,2,23,41
1,2,23,43
1,2,23,44
1,2,23,47
1,2,23,49
1,2,23,50
1,2,23,53
1,2,27,28
1,2,27,30
1,2,27,31
1,2,27,33
1,2,27,34
1,2,27,47
1,2,27,49
1,2,27,50
1,2,27,53
1,2,30,31
1,2,30,33
1,2,30,34
1,2,30,40
1,2,30,41
1,2,30,43
1,2,30,44
1,2,30,47
1,2,30,49
1,2,30,50
1,2,30,53
1,2,31,32
1,2,31,41
1,2,31,42
1,2,31,47
1,2,31,48
1,2,31,50
1,2,31,51
1,2,47,48
1,2,47,49
1,2,47,50
1,2,47,51
1,2,47,54
1,6,7,8
1,6,7,11
1,6,7,12
1,6,7,15
1,6,7,16
1,6,7,37
1,6,7,40
1,6,7,41
1,6,7,47
1,6,7,50
1,6,11,12
1,6,11,15
1,6,11,16
1,6,11,27
1,6,11,30
1,6,11,31
1,6,11,40
1,6,11,41
1,6,11,47
1,6,11,50
1,6,12,13
1,6,12,19
1,6,12,27
1,6,12,28
1,6,12,34
1,6,12,37
1,6,12,38
1,6,12,41
1,6,12,43
1,6,12,44
1,6,12,53
1,6,37,40
1,6,37,41
1,6,37,43
1,6,37,44
1,6,37,49
1,6,37,50
1,6,37,53
1,6,41,42
1,7,8,9
1,7,8,11
1,7,8,12
1,7,8,13
1,7,8,18
1,7,8,19
1,7,8,22
1,7,8,24
1,7,8,26
1,7,8,27
1,7,8,28
1,7,8,33
1,7,8,34
1,7,8,37
1,7,8,38
1,7,8,41
1,7,8,43
1,7,8,44
1,7,8,53
1,7,11,15
1,7,11,16
1,7,11,22
1,7,11,23
1,7,11,27
1,7,11,30
1,7,11,31
1,7,11,40
1,7,11,41
1,7,11,47
1,7,11,50
1,7,12,13
1,7,12,15
1,7,12,16
1,7,12,18
1,7,12,19
1,7,12,23
1,7,12,24
1,7,12,26
1,7,12,27
1,7,12,28
1,7,12,30
1,7,12,31
1,7,12,33
1,7,12,34
1,7,12,37
1,7,12,38
1,7,12,40
1,7,12,41
1,7,12,43
1,7,12,44
1,7,12,47
1,7,12,49
1,7,12,50
1,7,12,53
1,7,15,16
1,7,15,18
1,7,15,19
1,7,15,23
1,7,15,24
1,7,15,26
1,7,15,27
1,7,15,28
1,7,15,31
1,7,15,33
1,7,15,34
1,7,15,37
1,7,15,38
1,7,15,41
1,7,15,43
1,7,15,44
1,7,15,49
1,7,15,50
1,7,15,53
1,7,16,17
1,7,16,23
1,7,16,25
1,7,16,26
1,7,16,27
1,7,16,29
1,7,16,30
1,7,16,31
1,7,16,32
1,7,16,35
1,7,16,37
1,7,16,39
1,7,16,40
1,7,16,41
1,7,16,42
1,7,16,45
1,7,16,47
1,7,16,48
1,7,16,50
1,7,16,51
1,7,23,26
1,7,23,28
1,7,23,33
1,7,23,34
1,7,23,37
1,7,23,38
1,7,23,40
1,7,23,41
1,7,23,43
1,7,23,44
1,7,23,47
1,7,23,49
1,7,23,50
1,7,23,53
1,7,26,30
1,7,26,31
1,7,26,47
1,7,26,50
1,7,27,28
1,7,27,30
1,7,27,31
1,7,27,33
1,7,27,34
1,7,27,38
1,7,27,40
1,7,27,41
1,7,27,43
1,7,27,44
1,7,27,47
1,7,27,49
1,7,27,50
1,7,27,53
1,7,30,31
1,7,30,33
1,7,30,34
1,7,30,37
1,7,30,38
1,7,30,41
1,7,30,43
1,7,30,44
1,7,30,49
1,7,30,50
1,7,30,53
1,7,31,32
1,7,31,37
1,7,31,39
1,7,31,40
1,7,31,41
1,7,31,42
1,7,31,45
1,7,31,47
1,7,31,48
1,7,31,50
1,7,31,51
1,7,37,43
1,7,37,44
1,7,37,47
1,7,37,49
1,7,37,50
1,7,37,53
1,7,40,43
1,7,40,44
1,7,40,49
1,7,40,50
1,7,40,53
1,7,41,42
1,7,41,47
1,7,41,48
1,7,41,50
1,7,41,51
1,7,47,50
1,7,47,51
1,7,47,54
1,11,15,18
1,11,15,19
1,11,15,22
1,11,15,24
1,11,15,27
1,11,15,28
1,11,15,33
1,11,15,34
1,11,15,41
1,11,15,43
1,11,15,44
1,11,15,53
1,11,16,17
1,11,16,22
1,11,16,23
1,11,16,25
1,11,16,27
1,11,16,29
1,11,16,30
1,11,16,31
1,11,16,32
1,11,16,35
1,11,16,40
1,11,16,41
1,11,16,42
1,11,16,45
1,11,16,48
1,11,16,50
1,11,16,51
1,11,22,47
1,11,22,50
1,11,23,40
1,11,23,41
1,11,23,43
1,11,23,44
1,11,23,49
1,11,23,50
1,11,23,53
1,11,27,28
1,11,27,31
1,11,27,33
1,11,27,34
1,11,27,41
1,11,27,44
1,11,27,47
1,11,27,49
1,11,27,50
1,11,27,53
1,11,30,33
1,11,30,34
1,11,30,41
1,11,30,44
1,11,30,49
1,11,30,50
1,11,30,53
1,11,31,32
1,11,31,41
1,11,31,42
1,11,31,48
1,11,31,50
1,11,31,51
1,11,41,42
1,11,41,48
1,11,41,50
1,11,41,51
1,11,47,51
1,11,47,54
1,12,13,14
1,12,13,16
1,12,13,17
1,12,13,26
1,12,13,27
1,12,13,29
1,12,13,30
1,12,13,31
1,12,13,32
1,12,13,35
1,12,13,39
1,12,13,41
1,12,13,42
1,12,13,45
1,12,13,47
1,12,13,48
1,12,13,50
1,12,13,51
1,12,19,26
1,12,19,27
1,12,19,28
1,12,19,38
1,12,19,41
1,12,26,30
1,12,26,31
1,12,26,33
1,12,26,34
1,12,26,47
1,12,26,49
1,12,26,50
1,12,26,53
1,12,27,28
1,12,27,33
1,12,27,34
1,12,27,41
1,12,27,43
1,12,27,44
1,12,27,53
1,12,28,29
1,12,28,31
1,12,28,32
1,12,28,34
1,12,28,35
1,12,28,41
1,12,28,42
1,12,28,44
1,12,28,45
1,12,28,47
1,12,28,48
1,12,28,49
1,12,28,50
1,12,28,51
1,12,28,53
1,12,28,54
1,12,33,35
1,12,33,39
1,12,33,41
1,12,33,42
1,12,33,44
1,12,33,45
1,12,34,38
1,12,34,41
1,12,34,43
1,12,34,44
1,12,38,48
1,12,38,51
1,12,41,42
1,12,41,44
1,12,41,45
1,12,41,53
1,12,41,54
1,12,43,45
1,12,43,51
1,12,44,50
1,26,30,33
1,26,30,34
1,26,30,53
1,26,31,32
1,26,31,50
1,26,31,51
1,26,47,54
1,27,28,29
1,27,28,31
1,27,28,32
1,27,28,41
1,27,28,42
1,27,28,45
1,27,28,50
1,27,28,51
1,27,34,41
1,27,41,42
1,27,41,44
1,27,41,54
1,27,43,51
1,27,44,50
1,41,42,44
7,8,9,10
7,8,9,12
7,8,9,14
7,8,9,41
7,8,9,42
7,8,12,19
7,8,12,27
7,8,12,28
7,8,12,34
7,8,13,16
7,8,13,17
7,8,13,29
7,8,13,31
7,8,13,32
7,8,13,34
7,8,13,50
7,8,19,34
7,8,19,41
7,8,19,44
7,8,44,50
7,16,32,44
