0,1,2,3,4
0,1,2,3,6
0,1,2,3,7
0,1,2,3,9
0,1,2,3,18
0,1,2,3,19
0,1,2,3,21
0,1,2,3,22
0,1,2,3,24
0,1,2,3,27
0,1,2,3,28
0,1,2,3,33
0,1,2,3,34
0,1,2,3,52
0,1,2,3,53
0,1,2,6,7
0,1,2,6,8
0,1,2,6,11
0,1,2,6,12
0,1,2,6,15
0,1,2,6,16
0,1,2,6,21
0,1,2,6,22
0,1,2,6,23
0,1,2,6,26
0,1,2,6,27
0,1,2,6,30
0,1,2,6,31
0,1,2,6,36
0,1,2,6,37
0,1,2,6,40
0,1,2,6,41
0,1,2,6,46
0,1,2,6,47
0,1,2,6,50
0,1,2,7,8
0,1,2,7,15
0,1,2,7,16
0,1,2,7,21
0,1,2,7,22
0,1,2,7,23
0,1,2,7,27
0,1,2,7,30
0,1,2,7,31
0,1,2,7,46
0,1,2,7,47
0,1,2,7,50
0,1,2,8,9
0,1,2,8,12
0,1,2,8,13
0,1,2,8,15
0,1,2,8,16
0,1,2,8,18
0,1,2,8,19
0,1,2,8,21
0,1,2,8,22
0,1,2,8,23
0,1,2,8,24
0,1,2,8,26
0,1,2,8,27
0,1,2,8,28
0,1,2,8,30
0,1,2,8,31
0,1,2,8,33
0,1,2,8,34
0,1,2,8,36
0,1,2,8,37
0,1,2,8,38
0,1,2,8,40
0,1,2,8,41
0,1,2,8,43
0,1,2,8,44
0,1,2,8,46
0,1,2,8,47
0,1,2,8,49
0,1,2,8,50
0,1,2,8,52
0,1,2,8,53
0,1,2,15,16
0,1,2,15,18
0,1,2,15,19
0,1,2,15,21
0,1,2,15,22
0,1,2,15,23
0,1,2,15,24
0,1,2,15,27
0,1,2,15,28
0,1,2,15,30
0,1,2,15,31
0,1,2,15,33
0,1,2,15,34
0,1,2,15,46
0,1,2,15,47
0,1,2,15,49
0,1,2,15,50
0,1,2,15,52
0,1,2,15,53
0,1,2,16,17
0,1,2,16,21
0,1,2,16,22
0,1,2,16,23
0,1,2,16,25
0,1,2,16,27
0,1,2,16,29
0,1,2,16,30
0,1,2,16,31
0,1,2,16,32
0,1,2,16,35
0,1,2,16,46
0,1,2,16,47
0,1,2,16,48
0,1,2,16,50
0,1,2,16,51
0,1,2,16,55
0,1,2,21,22
0,1,2,21,23
0,1,2,21,26
0,1,2,21,27
0,1,2,21,30
0,1,2,21,31
0,1,2,21,36
0,1,2,21,37
0,1,2,21,40
0,1,2,21,41
0,1,2,21,46
0,1,2,21,47
0,1,2,21,50
0,1,2,22,23
0,1,2,22,26
0,1,2,22,27
0,1,2,22,30
0,1,2,22,31
0,1,2,22,37
0,1,2,22,40
0,1,2,22,41
0,1,2,22,46
0,1,2,22,47
0,1,2,22,50
0,1,2,23,24
0,1,2,23,27
0,1,2,23,28
0,1,2,23,30
0,1,2,23,31
0,1,2,23,33
0,1,2,23,34
0,1,2,23,37
0,1,2,23,38
0,1,2,23,40
0,1,2,23,41
0,1,2,23,43
0,1,2,23,44
0,1,2,23,46
0,1,2,23,47
0,1,2,23,49
0,1,2,23,50
0,1,2,23,52
0,1,2,23,53
0,1,2,27,28
0,1,2,27,30
0,1,2,27,31
0,1,2,27,33
0,1,2,27,34
0,1,2,27,46
0,1,2,27,47
0,1,2,27,49
0,1,2,27,50
0,1,2,27,52
0,1,2,27,53
0,1,2,30,31
0,1,2,30,33
0,1,2,30,34
0,1,2,30,40
0,1,2,30,41
0,1,2,30,43
0,1,2,30,44
0,1,2,30,46
0,1,2,30,47
0,1,2,30,49
0,1,2,30,50
0,1,2,30,52
0,1,2,30,53
0,1,2,31,32
0,1,2,31,41
0,1,2,31,42
0,1,2,31,46
0,1,2,31,47
0,1,2,31,48
0,1,2,31,50
0,1,2,31,51
0,1,2,31,55
0,1,2,46,47
0,1,2,46,49
0,1,2,46,50
0,1,2,46,52
0,1,2,46,53
0,1,2,47,48
0,1,2,47,49
0,1,2,47,50
0,1,2,47,51
0,1,2,47,54
0,1,6,7,8
0,1,6,7,11
0,1,6,7,12
0,1,6,7,15
0,1,6,7,16
0,1,6,7,21
0,1,6,7,22
0,1,6,7,23
0,1,6,7,26
0,1,6,7,27
0,1,6,7,30
0,1,6,7,31
0,1,6,7,36
0,1,6,7,37
0,1,6,7,40
0,1,6,7,41
0,1,6,7,46
0,1,6,7,47
0,1,6,7,50
0,1,6,11,12
0,1,6,11,15
0,1,6,11,16
0,1,6,11,21
0,1,6,11,22
0,1,6,11,23
0,1,6,11,26
0,1,6,11,27
0,1,6,11,30
0,1,6,11,31
0,1,6,11,36
0,1,6,11,37
0,1,6,11,40
0,1,6,11,41
0,1,6,11,46
0,1,6,11,47
0,1,6,11,50
0,1,6,12,13
0,1,6,12,19
0,1,6,12,21
0,1,6,12,22
0,1,6,12,24
0,1,6,12,26
0,1,6,12,27
0,1,6,12,28
0,1,6,12,33
0,1,6,12,34
0,1,6,12,36
0,1,6,12,37
0,1,6,12,38
0,1,6,12,41
0,1,6,12,43
0,1,6,12,44
0,1,6,12,52
0,1,6,12,53
0,1,6,21,36
0,1,6,21,37
0,1,6,21,41
0,1,6,22,23
0,1,6,22,26
0,1,6,22,27
0,1,6,22,30
0,1,6,22,31
0,1,6,22,36
0,1,6,22,37
0,1,6,22,40
0,1,6,22,41
0,1,6,22,46
0,1,6,22,47
0,1,6,22,50
0,1,6,26,27
0,1,6,26,30
0,1,6,26,31
0,1,6,26,36
0,1,6,26,37
0,1,6,26,40
0,1,6,26,41
0,1,6,26,46
0,1,6,26,47
0,1,6,26,50
0,1,6,27,28
0,1,6,27,34
0,1,6,27,36
0,1,6,27,37
0,1,6,27,38
0,1,6,27,41
0,1,6,27,43
0,1,6,27,44
0,1,6,27,52
0,1,6,27,53
0,1,6,36,37
0,1,6,36,40
0,1,6,36,41
0,1,6,36,46
0,1,6,36,47
0,1,6,36,50
0,1,6,37,38
0,1,6,37,40
0,1,6,37,41
0,1,6,37,43
0,1,6,37,44
0,1,6,37,49
0,1,6,37,50
0,1,6,37,53
0,1,6,41,42
0,1,7,8,9
0,1,7,8,11
0,1,7,8,12
0,1,7,8,13
0,1,7,8,18
0,1,7,8,19
0,1,7,8,21
0,1,7,8,22
0,1,7,8,24
0,1,7,8,26
0,1,7,8,27
0,1,7,8,28
0,1,7,8,33
0,1,7,8,34
0,1,7,8,36
0,1,7,8,37
0,1,7,8,38
0,1,7,8,41
0,1,7,8,43
0,1,7,8,44
0,1,7,8,52
0,1,7,8,53
0,1,7,11,12
0,1,7,11,15
0,1,7,11,16
0,1,7,11,21
0,1,7,11,22
0,1,7,11,23
0,1,7,11,26
0,1,7,11,27
0,1,7,11,30
0,1,7,11,31
0,1,7,11,36
0,1,7,11,37
0,1,7,11,40
0,1,7,11,41
0,1,7,11,46
0,1,7,11,47
0,1,7,11,50
0,1,7,12,13
0,1,7,12,15
0,1,7,12,16
0,1,7,12,18
0,1,7,12,19
0,1,7,12,21
0,1,7,12,22
0,1,7,12,23
0,1,7,12,24
0,1,7,12,26
0,1,7,12,27
0,1,7,12,28
0,1,7,12,30
0,1,7,12,31
0,1,7,12,33
0,1,7,12,34
0,1,7,12,36
0,1,7,12,37
0,1,7,12,38
0,1,7,12,40
0,1,7,12,41
0,1,7,12,43
0,1,7,12,44
0,1,7,12,46
0,1,7,12,47
0,1,7,12,49
0,1,7,12,50
0,1,7,12,52
0,1,7,12,53
0,1,7,15,16
0,1,7,15,18
0,1,7,15,19
0,1,7,15,21
0,1,7,15,22
0,1,7,15,23
0,1,7,15,24
0,1,7,15,26
0,1,7,15,27
0,1,7,15,28
0,1,7,15,30
0,1,7,15,31
0,1,7,15,33
0,1,7,15,34
0,1,7,15,36
0,1,7,15,37
0,1,7,15,38
0,1,7,15,40
0,1,7,15,41
0,1,7,15,43
0,1,7,15,44
0,1,7,15,46
0,1,7,15,47
0,1,7,15,49
0,1,7,15,50
0,1,7,15,52
0,1,7,15,53
0,1,7,16,17
0,1,7,16,21
0,1,7,16,22
0,1,7,16,23
0,1,7,16,25
0,1,7,16,26
0,1,7,16,27
0,1,7,16,29
0,1,7,16,30
0,1,7,16,31
0,1,7,16,32
0,1,7,16,35
0,1,7,16,36
0,1,7,16,37
0,1,7,16,39
0,1,7,16,40
0,1,7,16,41
0,1,7,16,42
0,1,7,16,45
0,1,7,16,46
0,1,7,16,47
0,1,7,16,48
0,1,7,16,50
0,1,7,16,51
0,1,7,16,55
0,1,7,21,23
0,1,7,21,26
0,1,7,21,27
0,1,7,21,30
0,1,7,21,31
0,1,7,21,36
0,1,7,21,37
0,1,7,21,40
0,1,7,21,41
0,1,7,21,46
0,1,7,21,47
0,1,7,21,50
0,1,7,22,23
0,1,7,22,26
0,1,7,22,27
0,1,7,22,30
0,1,7,22,31
0,1,7,22,36
0,1,7,22,37
0,1,7,22,40
0,1,7,22,41
0,1,7,22,46
0,1,7,22,47
0,1,7,22,50
0,1,7,23,24
0,1,7,23,26
0,1,7,23,27
0,1,7,23,28
0,1,7,23,30
0,1,7,23,31
0,1,7,23,33
0,1,7,23,34
0,1,7,23,36
0,1,7,23,37
0,1,7,23,38
0,1,7,23,40
0,1,7,23,41
0,1,7,23,43
0,1,7,23,44
0,1,7,23,46
0,1,7,23,47
0,1,7,23,49
0,1,7,23,50
0,1,7,23,52
0,1,7,23,53
0,1,7,26,27
0,1,7,26,30
0,1,7,26,31
0,1,7,26,36
0,1,7,26,37
0,1,7,26,40
0,1,7,26,41
0,1,7,26,46
0,1,7,26,47
0,1,7,26,50
0,1,7,27,28
0,1,7,27,30
0,1,7,27,31
0,1,7,27,33
0,1,7,27,34
0,1,7,27,36
0,1,7,27,37
0,1,7,27,38
0,1,7,27,40
0,1,7,27,41
0,1,7,27,43
0,1,7,27,44
0,1,7,27,46
0,1,7,27,47
0,1,7,27,49
0,1,7,27,50
0,1,7,27,52
0,1,7,27,53
0,1,7,30,31
0,1,7,30,33
0,1,7,30,34
0,1,7,30,36
0,1,7,30,37
0,1,7,30,38
0,1,7,30,40
0,1,7,30,41
0,1,7,30,43
0,1,7,30,44
0,1,7,30,46
0,1,7,30,47
0,1,7,30,49
0,1,7,30,50
0,1,7,30,52
0,1,7,30,53
0,1,7,31,32
0,1,7,31,36
0,1,7,31,37
0,1,7,31,39
0,1,7,31,40
0,1,7,31,41
0,1,7,31,42
0,1,7,31,45
0,1,7,31,46
0,1,7,31,47
0,1,7,31,48
0,1,7,31,50
0,1,7,31,51
0,1,7,31,55
0,1,7,36,37
0,1,7,36,40
0,1,7,36,41
0,1,7,36,46
0,1,7,36,47
0,1,7,36,50
0,1,7,37,38
0,1,7,37,40
0,1,7,37,41
0,1,7,37,43
0,1,7,37,44
0,1,7,37,46
0,1,7,37,47
0,1,7,37,49
0,1,7,37,50
0,1,7,37,52
0,1,7,37,53
0,1,7,40,41
0,1,7,40,43
0,1,7,40,44
0,1,7,40,46
0,1,7,40,47
0,1,7,40,49
0,1,7,40,50
0,1,7,40,52
0,1,7,40,53
0,1,7,41,42
0,1,7,41,46
0,1,7,41,47
0,1,7,41,48
0,1,7,41,50
0,1,7,41,51
0,1,7,41,55
0,1,7,46,47
0,1,7,46,49
0,1,7,46,50
0,1,7,46,52
0,1,7,46,53
0,1,7,47,48
0,1,7,47,49
0,1,7,47,50
0,1,7,47,51
0,1,7,47,54
0,1,11,12,13
0,1,11,12,15
0,1,11,12,16
0,1,11,12,18
0,1,11,12,19
0,1,11,12,21
0,1,11,12,22
0,1,11,12,23
0,1,11,12,24
0,1,11,12,26
0,1,11,12,27
0,1,11,12,28
0,1,11,12,30
0,1,11,12,31
0,1,11,12,33
0,1,11,12,34
0,1,11,12,37
0,1,11,12,38
0,1,11,12,40
0,1,11,12,41
0,1,11,12,43
0,1,11,12,44
0,1,11,12,46
0,1,11,12,47
0,1,11,12,49
0,1,11,12,50
0,1,11,12,52
0,1,11,12,53
0,1,11,15,18
0,1,11,15,19
0,1,11,15,21
0,1,11,15,22
0,1,11,15,24
0,1,11,15,26
0,1,11,15,27
0,1,11,15,28
0,1,11,15,33
0,1,11,15,34
0,1,11,15,36
0,1,11,15,37
0,1,11,15,38
0,1,11,15,41
0,1,11,15,43
0,1,11,15,44
0,1,11,15,52
0,1,11,15,53
0,1,11,16,17
0,1,11,16,21
0,1,11,16,22
0,1,11,16,23
0,1,11,16,25
0,1,11,16,26
0,1,11,16,27
0,1,11,16,29
0,1,11,16,30
0,1,11,16,31
0,1,11,16,32
0,1,11,16,35
0,1,11,16,36
0,1,11,16,37
0,1,11,16,39
0,1,11,16,40
0,1,11,16,41
0,1,11,16,42
0,1,11,16,45
0,1,11,16,46
0,1,11,16,47
0,1,11,16,48
0,1,11,16,50
0,1,11,16,51
0,1,11,16,55
0,1,11,21,22
0,1,11,21,23
0,1,11,21,26
0,1,11,21,27
0,1,11,21,30
0,1,11,21,31
0,1,11,21,36
0,1,11,21,37
0,1,11,21,40
0,1,11,21,41
0,1,11,21,46
0,1,11,21,47
0,1,11,21,50
0,1,11,22,23
0,1,11,22,26
0,1,11,22,27
0,1,11,22,30
0,1,11,22,31
0,1,11,22,37
0,1,11,22,40
0,1,11,22,41
0,1,11,22,46
0,1,11,22,47
0,1,11,22,50
0,1,11,23,24
0,1,11,23,26
0,1,11,23,27
0,1,11,23,28
0,1,11,23,30
0,1,11,23,31
0,1,11,23,33
0,1,11,23,34
0,1,11,23,36
0,1,11,23,37
0,1,11,23,38
0,1,11,23,40
0,1,11,23,41
0,1,11,23,43
0,1,11,23,44
0,1,11,23,46
0,1,11,23,47
0,1,11,23,49
0,1,11,23,50
0,1,11,23,52
0,1,11,23,53
0,1,11,26,27
0,1,11,26,30
0,1,11,26,31
0,1,11,26,37
0,1,11,26,40
0,1,11,26,41
0,1,11,26,46
0,1,11,26,47
0,1,11,26,50
0,1,11,27,28
0,1,11,27,30
0,1,11,27,31
0,1,11,27,33
0,1,11,27,34
0,1,11,27,36
0,1,11,27,37
0,1,11,27,38
0,1,11,27,40
0,1,11,27,41
0,1,11,27,43
0,1,11,27,44
0,1,11,27,46
0,1,11,27,47
0,1,11,27,49
0,1,11,27,50
0,1,11,27,52
0,1,11,27,53
0,1,11,30,31
0,1,11,30,33
0,1,11,30,34
0,1,11,30,36
0,1,11,30,37
0,1,11,30,38
0,1,11,30,40
0,1,11,30,41
0,1,11,30,43
0,1,11,30,44
0,1,11,30,46
0,1,11,30,47
0,1,11,30,49
0,1,11,30,50
0,1,11,30,52
0,1,11,30,53
0,1,11,31,32
0,1,11,31,36
0,1,11,31,37
0,1,11,31,39
0,1,11,31,40
0,1,11,31,41
0,1,11,31,42
0,1,11,31,45
0,1,11,31,46
0,1,11,31,47
0,1,11,31,48
0,1,11,31,50
0,1,11,31,51
0,1,11,31,55
0,1,11,36,41
0,1,11,36,46
0,1,11,36,47
0,1,11,36,50
0,1,11,37,38
0,1,11,37,40
0,1,11,37,41
0,1,11,37,43
0,1,11,37,44
0,1,11,37,46
0,1,11,37,47
0,1,11,37,49
0,1,11,37,50
0,1,11,37,52
0,1,11,37,53
0,1,11,40,41
0,1,11,40,43
0,1,11,40,44
0,1,11,40,46
0,1,11,40,47
0,1,11,40,49
0,1,11,40,50
0,1,11,40,52
0,1,11,40,53
0,1,11,41,42
0,1,11,41,46
0,1,11,41,47
0,1,11,41,48
0,1,11,41,50
0,1,11,41,51
0,1,11,41,55
0,1,11,46,47
0,1,11,46,49
0,1,11,46,50
0,1,11,46,52
0,1,11,46,53
0,1,11,47,48
0,1,11,47,49
0,1,11,47,50
0,1,11,47,51
0,1,11,47,54
0,1,12,13,14
0,1,12,13,16
0,1,12,13,17
0,1,12,13,21
0,1,12,13,22
0,1,12,13,23
0,1,12,13,25
0,1,12,13,26
0,1,12,13,27
0,1,12,13,29
0,1,12,13,30
0,1,12,13,31
0,1,12,13,32
0,1,12,13,35
0,1,12,13,36
0,1,12,13,37
0,1,12,13,39
0,1,12,13,40
0,1,12,13,41
0,1,12,13,42
0,1,12,13,45
0,1,12,13,46
0,1,12,13,47
0,1,12,13,48
0,1,12,13,50
0,1,12,13,51
0,1,12,13,55
0,1,12,19,21
0,1,12,19,22
0,1,12,19,26
0,1,12,19,27
0,1,12,19,28
0,1,12,19,36
0,1,12,19,37
0,1,12,19,38
0,1,12,19,41
0,1,12,21,26
0,1,12,21,27
0,1,12,21,28
0,1,12,21,33
0,1,12,21,34
0,1,12,21,36
0,1,12,21,37
0,1,12,21,38
0,1,12,21,41
0,1,12,21,43
0,1,12,21,44
0,1,12,21,52
0,1,12,21,53
0,1,12,22,23
0,1,12,22,24
0,1,12,22,26
0,1,12,22,27
0,1,12,22,28
0,1,12,22,30
0,1,12,22,31
0,1,12,22,33
0,1,12,22,34
0,1,12,22,36
0,1,12,22,37
0,1,12,22,38
0,1,12,22,40
0,1,12,22,41
0,1,12,22,43
0,1,12,22,44
0,1,12,22,46
0,1,12,22,47
0,1,12,22,49
0,1,12,22,50
0,1,12,22,52
0,1,12,22,53
0,1,12,24,25
0,1,12,24,26
0,1,12,24,27
0,1,12,24,28
0,1,12,24,29
0,1,12,24,33
0,1,12,24,34
0,1,12,24,35
0,1,12,24,36
0,1,12,24,37
0,1,12,24,38
0,1,12,24,39
0,1,12,24,41
0,1,12,24,42
0,1,12,24,43
0,1,12,24,44
0,1,12,24,45
0,1,12,24,52
0,1,12,24,53
0,1,12,24,54
0,1,12,24,55
0,1,12,26,27
0,1,12,26,28
0,1,12,26,30
0,1,12,26,31
0,1,12,26,33
0,1,12,26,34
0,1,12,26,36
0,1,12,26,37
0,1,12,26,38
0,1,12,26,40
0,1,12,26,41
0,1,12,26,43
0,1,12,26,44
0,1,12,26,46
0,1,12,26,47
0,1,12,26,49
0,1,12,26,50
0,1,12,26,52
0,1,12,26,53
0,1,12,27,28
0,1,12,27,33
0,1,12,27,34
0,1,12,27,36
0,1,12,27,37
0,1,12,27,38
0,1,12,27,41
0,1,12,27,43
0,1,12,27,44
0,1,12,27,52
0,1,12,27,53
0,1,12,28,29
0,1,12,28,31
0,1,12,28,32
0,1,12,28,33
0,1,12,28,34
0,1,12,28,35
0,1,12,28,36
0,1,12,28,37
0,1,12,28,38
0,1,12,28,39
0,1,12,28,40
0,1,12,28,41
0,1,12,28,42
0,1,12,28,43
0,1,12,28,44
0,1,12,28,45
0,1,12,28,46
0,1,12,28,47
0,1,12,28,48
0,1,12,28,49
0,1,12,28,50
0,1,12,28,51
0,1,12,28,52
0,1,12,28,53
0,1,12,28,54
0,1,12,28,55
0,1,12,33,34
0,1,12,33,35
0,1,12,33,36
0,1,12,33,37
0,1,12,33,38
0,1,12,33,39
0,1,12,33,41
0,1,12,33,42
0,1,12,33,43
0,1,12,33,44
0,1,12,33,45
0,1,12,33,52
0,1,12,33,53
0,1,12,33,54
0,1,12,33,55
0,1,12,34,36
0,1,12,34,37
0,1,12,34,38
0,1,12,34,41
0,1,12,34,43
0,1,12,34,44
0,1,12,34,52
0,1,12,34,53
0,1,12,36,38
0,1,12,36,40
0,1,12,36,41
0,1,12,36,43
0,1,12,36,44
0,1,12,36,46
0,1,12,36,47
0,1,12,36,49
0,1,12,36,50
0,1,12,36,52
0,1,12,36,53
0,1,12,37,38
0,1,12,37,40
0,1,12,37,41
0,1,12,37,43
0,1,12,37,44
0,1,12,37,47
0,1,12,37,49
0,1,12,37,50
0,1,12,37,52
0,1,12,37,53
0,1,12,38,39
0,1,12,38,41
0,1,12,38,42
0,1,12,38,43
0,1,12,38,44
0,1,12,38,45
0,1,12,38,47
0,1,12,38,48
0,1,12,38,49
0,1,12,38,50
0,1,12,38,51
0,1,12,38,52
0,1,12,38,53
0,1,12,38,54
0,1,12,38,55
0,1,12,41,42
0,1,12,41,43
0,1,12,41,44
0,1,12,41,45
0,1,12,41,52
0,1,12,41,53
0,1,12,41,54
0,1,12,41,55
0,1,12,43,44
0,1,12,43,45
0,1,12,43,49
0,1,12,43,50
0,1,12,43,51
0,1,12,43,52
0,1,12,43,53
0,1,12,43,54
0,1,12,43,55
0,1,12,44,50
0,1,12,44,52
0,1,12,44,53
0,1,12,52,53
0,1,12,52,54
0,1,12,52,55
0,1,12,53,54
0,1,21,26,27
0,1,21,26,30
0,1,21,26,31
0,1,21,26,36
0,1,21,26,37
0,1,21,26,40
0,1,21,26,41
0,1,21,26,46
0,1,21,26,47
0,1,21,26,50
0,1,21,27,28
0,1,21,27,34
0,1,21,27,36
0,1,21,27,37
0,1,21,27,38
0,1,21,27,41
0,1,21,27,43
0,1,21,27,44
0,1,21,27,52
0,1,21,27,53
0,1,21,36,37
0,1,21,36,40
0,1,21,36,41
0,1,21,36,46
0,1,21,36,47
0,1,21,36,50
0,1,21,37,38
0,1,21,37,40
0,1,21,37,41
0,1,21,37,43
0,1,21,37,44
0,1,21,37,49
0,1,21,37,50
0,1,21,37,53
0,1,21,41,42
0,1,22,23,24
0,1,22,23,26
0,1,22,23,27
0,1,22,23,28
0,1,22,23,33
0,1,22,23,34
0,1,22,23,36
0,1,22,23,37
0,1,22,23,38
0,1,22,23,41
0,1,22,23,43
0,1,22,23,44
0,1,22,23,52
0,1,22,23,53
0,1,22,26,27
0,1,22,26,30
0,1,22,26,31
0,1,22,26,37
0,1,22,26,40
0,1,22,26,41
0,1,22,26,46
0,1,22,26,47
0,1,22,26,50
0,1,22,27,28
0,1,22,27,30
0,1,22,27,31
0,1,22,27,33
0,1,22,27,34
0,1,22,27,36
0,1,22,27,37
0,1,22,27,38
0,1,22,27,40
0,1,22,27,41
0,1,22,27,43
0,1,22,27,44
0,1,22,27,46
0,1,22,27,47
0,1,22,27,49
0,1,22,27,50
0,1,22,27,52
0,1,22,27,53
0,1,22,30,31
0,1,22,30,33
0,1,22,30,34
0,1,22,30,36
0,1,22,30,37
0,1,22,30,38
0,1,22,30,40
0,1,22,30,41
0,1,22,30,43
0,1,22,30,44
0,1,22,30,46
0,1,22,30,47
0,1,22,30,49
0,1,22,30,50
0,1,22,30,52
0,1,22,30,53
0,1,22,31,32
0,1,22,31,36
0,1,22,31,37
0,1,22,31,39
0,1,22,31,40
0,1,22,31,41
0,1,22,31,42
0,1,22,31,45
0,1,22,31,46
0,1,22,31,47
0,1,22,31,48
0,1,22,31,50
0,1,22,31,51
0,1,22,31,55
0,1,22,36,40
0,1,22,36,41
0,1,22,36,46
0,1,22,36,47
0,1,22,36,50
0,1,22,37,38
0,1,22,37,40
0,1,22,37,41
0,1,22,37,43
0,1,22,37,44
0,1,22,37,46
0,1,22,37,47
0,1,22,37,49
0,1,22,37,50
0,1,22,37,52
0,1,22,37,53
0,1,22,40,41
0,1,22,40,43
0,1,22,40,44
0,1,22,40,46
0,1,22,40,47
0,1,22,40,49
0,1,22,40,50
0,1,22,40,52
0,1,22,40,53
0,1,22,41,42
0,1,22,41,46
0,1,22,41,47
0,1,22,41,48
0,1,22,41,50
0,1,22,41,51
0,1,22,41,55
0,1,22,46,47
0,1,22,46,49
0,1,22,46,50
0,1,22,46,52
0,1,22,46,53
0,1,22,47,48
0,1,22,47,49
0,1,22,47,50
0,1,22,47,51
0,1,22,47,54
0,1,26,27,28
0,1,26,27,30
0,1,26,27,31
0,1,26,27,33
0,1,26,27,34
0,1,26,27,37
0,1,26,27,38
0,1,26,27,40
0,1,26,27,41
0,1,26,27,43
0,1,26,27,44
0,1,26,27,46
0,1,26,27,47
0,1,26,27,49
0,1,26,27,50
0,1,26,27,52
0,1,26,27,53
0,1,26,30,33
0,1,26,30,34
0,1,26,30,36
0,1,26,30,37
0,1,26,30,38
0,1,26,30,41
0,1,26,30,43
0,1,26,30,44
0,1,26,30,52
0,1,26,30,53
0,1,26,31,32
0,1,26,31,36
0,1,26,31,37
0,1,26,31,39
0,1,26,31,40
0,1,26,31,41
0,1,26,31,42
0,1,26,31,45
0,1,26,31,46
0,1,26,31,47
0,1,26,31,48
0,1,26,31,50
0,1,26,31,51
0,1,26,31,55
0,1,26,36,46
0,1,26,36,47
0,1,26,36,50
0,1,26,37,38
0,1,26,37,40
0,1,26,37,41
0,1,26,37,43
0,1,26,37,44
0,1,26,37,46
0,1,26,37,47
0,1,26,37,49
0,1,26,37,50
0,1,26,37,52
0,1,26,37,53
0,1,26,40,41
0,1,26,40,43
0,1,26,40,44
0,1,26,40,47
0,1,26,40,49
0,1,26,40,50
0,1,26,40,52
0,1,26,40,53
0,1,26,41,42
0,1,26,41,46
0,1,26,41,47
0,1,26,41,48
0,1,26,41,50
0,1,26,41,51
0,1,26,41,55
0,1,26,46,47
0,1,26,46,49
0,1,26,46,50
0,1,26,46,52
0,1,26,46,53
0,1,26,47,48
0,1,26,47,49
0,1,26,47,50
0,1,26,47,51
0,1,26,47,54
0,1,27,28,29
0,1,27,28,31
0,1,27,28,32
0,1,27,28,36
0,1,27,28,37
0,1,27,28,39
0,1,27,28,40
0,1,27,28,41
0,1,27,28,42
0,1,27,28,45
0,1,27,28,46
0,1,27,28,47
0,1,27,28,48
0,1,27,28,50
0,1,27,28,51
0,1,27,28,55
0,1,27,34,36
0,1,27,34,37
0,1,27,34,38
0,1,27,34,41
0,1,27,36,40
0,1,27,36,41
0,1,27,36,43
0,1,27,36,44
0,1,27,36,46
0,1,27,36,47
0,1,27,36,49
0,1,27,36,50
0,1,27,36,52
0,1,27,36,53
0,1,27,37,38
0,1,27,37,40
0,1,27,37,41
0,1,27,37,43
0,1,27,37,44
0,1,27,37,47
0,1,27,37,49
0,1,27,37,50
0,1,27,37,52
0,1,27,37,53
0,1,27,38,39
0,1,27,38,41
0,1,27,38,42
0,1,27,38,43
0,1,27,38,44
0,1,27,38,45
0,1,27,38,47
0,1,27,38,48
0,1,27,38,49
0,1,27,38,50
0,1,27,38,51
0,1,27,38,52
0,1,27,38,53
0,1,27,38,54
0,1,27,38,55
0,1,27,41,42
0,1,27,41,43
0,1,27,41,44
0,1,27,41,45
0,1,27,41,52
0,1,27,41,53
0,1,27,41,54
0,1,27,41,55
0,1,27,43,44
0,1,27,43,45
0,1,27,43,49
0,1,27,43,50
0,1,27,43,51
0,1,27,43,52
0,1,27,43,53
0,1,27,43,54
0,1,27,43,55
0,1,27,44,50
0,1,27,44,52
0,1,27,44,53
0,1,27,52,53
0,1,27,52,54
0,1,27,52,55
0,1,27,53,54
0,1,36,37,52
0,1,36,37,53
0,1,36,40,41
0,1,36,40,43
0,1,36,40,44
0,1,36,40,47
0,1,36,40,49
0,1,36,40,50
0,1,36,40,52
0,1,36,40,53
0,1,36,41,42
0,1,36,41,46
0,1,36,41,47
0,1,36,41,48
0,1,36,41,50
0,1,36,41,51
0,1,36,41,55
0,1,36,46,52
0,1,36,46,53
0,1,36,47,48
0,1,36,47,49
0,1,36,47,50
0,1,36,47,51
0,1,36,47,54
0,1,37,38,39
0,1,37,38,40
0,1,37,38,41
0,1,37,38,42
0,1,37,38,45
0,1,37,38,47
0,1,37,38,48
0,1,37,38,50
0,1,37,38,51
0,1,37,40,41
0,1,37,40,43
0,1,37,40,44
0,1,37,40,53
0,1,37,41,42
0,1,37,41,43
0,1,37,41,44
0,1,37,41,45
0,1,37,41,48
0,1,37,41,49
0,1,37,41,50
0,1,37,41,51
0,1,37,41,53
0,1,37,41,54
0,1,37,43,45
0,1,37,43,47
0,1,37,43,48
0,1,37,43,50
0,1,37,43,51
0,1,37,44,49
0,1,37,44,50
0,1,37,49,51
0,1,41,42,44
0,6,7,8,9
0,6,7,8,11
0,6,7,8,12
0,6,7,8,13
0,6,7,8,18
0,6,7,8,19
0,6,7,8,22
0,6,7,8,24
0,6,7,8,26
0,6,7,8,27
0,6,7,8,28
0,6,7,8,33
0,6,7,8,34
0,6,7,8,36
0,6,7,8,37
0,6,7,8,38
0,6,7,8,41
0,6,7,8,43
0,6,7,8,44
0,6,7,8,52
0,6,7,8,53
0,6,7,11,15
0,6,7,11,16
0,6,7,11,22
0,6,7,11,23
0,6,7,11,27
0,6,7,11,30
0,6,7,11,31
0,6,7,11,46
0,6,7,11,47
0,6,7,11,50
0,6,7,12,13
0,6,7,12,15
0,6,7,12,16
0,6,7,12,18
0,6,7,12,19
0,6,7,12,22
0,6,7,12,23
0,6,7,12,24
0,6,7,12,26
0,6,7,12,27
0,6,7,12,28
0,6,7,12,30
0,6,7,12,31
0,6,7,12,33
0,6,7,12,34
0,6,7,12,36
0,6,7,12,37
0,6,7,12,38
0,6,7,12,40
0,6,7,12,41
0,6,7,12,43
0,6,7,12,44
0,6,7,12,46
0,6,7,12,47
0,6,7,12,49
0,6,7,12,50
0,6,7,12,52
0,6,7,12,53
0,6,7,15,16
0,6,7,15,18
0,6,7,15,19
0,6,7,15,22
0,6,7,15,23
0,6,7,15,24
0,6,7,15,26
0,6,7,15,27
0,6,7,15,28
0,6,7,15,30
0,6,7,15,31
0,6,7,15,33
0,6,7,15,34
0,6,7,15,36
0,6,7,15,37
0,6,7,15,38
0,6,7,15,40
0,6,7,15,41
0,6,7,15,43
0,6,7,15,44
0,6,7,15,47
0,6,7,15,49
0,6,7,15,50
0,6,7,15,52
0,6,7,15,53
0,6,7,16,17
0,6,7,16,22
0,6,7,16,23
0,6,7,16,25
0,6,7,16,26
0,6,7,16,27
0,6,7,16,29
0,6,7,16,30
0,6,7,16,31
0,6,7,16,32
0,6,7,16,35
0,6,7,16,36
0,6,7,16,37
0,6,7,16,39
0,6,7,16,40
0,6,7,16,41
0,6,7,16,42
0,6,7,16,45
0,6,7,16,46
0,6,7,16,47
0,6,7,16,48
0,6,7,16,50
0,6,7,16,51
0,6,7,16,55
0,6,7,22,23
0,6,7,22,26
0,6,7,22,27
0,6,7,22,30
0,6,7,22,31
0,6,7,22,36
0,6,7,22,37
0,6,7,22,40
0,6,7,22,41
0,6,7,22,46
0,6,7,22,47
0,6,7,22,50
0,6,7,23,24
0,6,7,23,26
0,6,7,23,27
0,6,7,23,28
0,6,7,23,30
0,6,7,23,31
0,6,7,23,33
0,6,7,23,34
0,6,7,23,36
0,6,7,23,37
0,6,7,23,38
0,6,7,23,40
0,6,7,23,41
0,6,7,23,43
0,6,7,23,44
0,6,7,23,46
0,6,7,23,47
0,6,7,23,49
0,6,7,23,50
0,6,7,23,52
0,6,7,23,53
0,6,7,26,27
0,6,7,26,30
0,6,7,26,31
0,6,7,26,37
0,6,7,26,40
0,6,7,26,41
0,6,7,26,46
0,6,7,26,47
0,6,7,26,50
0,6,7,27,28
0,6,7,27,30
0,6,7,27,31
0,6,7,27,33
0,6,7,27,34
0,6,7,27,36
0,6,7,27,37
0,6,7,27,38
0,6,7,27,40
0,6,7,27,41
0,6,7,27,43
0,6,7,27,44
0,6,7,27,46
0,6,7,27,47
0,6,7,27,49
0,6,7,27,50
0,6,7,27,52
0,6,7,27,53
0,6,7,30,31
0,6,7,30,33
0,6,7,30,34
0,6,7,30,36
0,6,7,30,37
0,6,7,30,38
0,6,7,30,40
0,6,7,30,41
0,6,7,30,43
0,6,7,30,44
0,6,7,30,47
0,6,7,30,49
0,6,7,30,50
0,6,7,30,52
0,6,7,30,53
0,6,7,31,32
0,6,7,31,36
0,6,7,31,37
0,6,7,31,39
0,6,7,31,40
0,6,7,31,41
0,6,7,31,42
0,6,7,31,45
0,6,7,31,46
0,6,7,31,47
0,6,7,31,48
0,6,7,31,50
0,6,7,31,51
0,6,7,31,55
0,6,7,36,40
0,6,7,36,41
0,6,7,36,46
0,6,7,36,47
0,6,7,36,50
0,6,7,37,38
0,6,7,37,40
0,6,7,37,41
0,6,7,37,43
0,6,7,37,44
0,6,7,37,46
0,6,7,37,47
0,6,7,37,49
0,6,7,37,50
0,6,7,37,52
0,6,7,37,53
0,6,7,40,41
0,6,7,40,43
0,6,7,40,44
0,6,7,40,47
0,6,7,40,49
0,6,7,40,50
0,6,7,40,52
0,6,7,40,53
0,6,7,41,42
0,6,7,41,46
0,6,7,41,47
0,6,7,41,48
0,6,7,41,50
0,6,7,41,51
0,6,7,41,55
0,6,7,46,49
0,6,7,46,50
0,6,7,46,52
0,6,7,46,53
0,6,7,47,48
0,6,7,47,49
0,6,7,47,50
0,6,7,47,51
0,6,7,47,54
0,6,11,15,18
0,6,11,15,19
0,6,11,15,22
0,6,11,15,24
0,6,11,15,27
0,6,11,15,28
0,6,11,15,33
0,6,11,15,34
0,6,11,15,52
0,6,11,15,53
0,6,11,16,17
0,6,11,16,22
0,6,11,16,23
0,6,11,16,25
0,6,11,16,27
0,6,11,16,29
0,6,11,16,30
0,6,11,16,31
0,6,11,16,32
0,6,11,16,35
0,6,11,16,46
0,6,11,16,47
0,6,11,16,48
0,6,11,16,50
0,6,11,16,51
0,6,11,16,55
0,6,11,22,23
0,6,11,22,26
0,6,11,22,27
0,6,11,22,30
0,6,11,22,31
0,6,11,22,37
0,6,11,22,40
0,6,11,22,41
0,6,11,22,46
0,6,11,22,47
0,6,11,22,50
0,6,11,23,24
0,6,11,23,27
0,6,11,23,28
0,6,11,23,30
0,6,11,23,31
0,6,11,23,33
0,6,11,23,34
0,6,11,23,37
0,6,11,23,38
0,6,11,23,40
0,6,11,23,41
0,6,11,23,43
0,6,11,23,44
0,6,11,23,46
0,6,11,23,47
0,6,11,23,49
0,6,11,23,50
0,6,11,23,52
0,6,11,23,53
0,6,11,27,28
0,6,11,27,30
0,6,11,27,31
0,6,11,27,33
0,6,11,27,34
0,6,11,27,46
0,6,11,27,47
0,6,11,27,49
0,6,11,27,50
0,6,11,27,52
0,6,11,27,53
0,6,11,30,31
0,6,11,30,33
0,6,11,30,34
0,6,11,30,40
0,6,11,30,41
0,6,11,30,43
0,6,11,30,44
0,6,11,30,47
0,6,11,30,49
0,6,11,30,50
0,6,11,30,52
0,6,11,30,53
0,6,11,31,32
0,6,11,31,41
0,6,11,31,42
0,6,11,31,46
0,6,11,31,47
0,6,11,31,48
0,6,11,31,50
0,6,11,31,51
0,6,11,31,55
0,6,11,46,49
0,6,11,46,50
0,6,11,46,52
0,6,11,46,53
0,6,11,47,48
0,6,11,47,49
0,6,11,47,50
0,6,11,47,51
0,6,11,47,54
0,6,12,13,14
0,6,12,13,16
0,6,12,13,17
0,6,12,13,22
0,6,12,13,23
0,6,12,13,25
0,6,12,13,26
0,6,12,13,27
0,6,12,13,29
0,6,12,13,30
0,6,12,13,31
0,6,12,13,32
0,6,12,13,35
0,6,12,13,36
0,6,12,13,37
0,6,12,13,39
0,6,12,13,40
0,6,12,13,41
0,6,12,13,42
0,6,12,13,45
0,6,12,13,46
0,6,12,13,47
0,6,12,13,48
0,6,12,13,50
0,6,12,13,51
0,6,12,13,55
0,6,12,19,22
0,6,12,19,26
0,6,12,19,27
0,6,12,19,28
0,6,12,19,36
0,6,12,19,37
0,6,12,19,38
0,6,12,19,41
0,6,12,22,23
0,6,12,22,24
0,6,12,22,26
0,6,12,22,27
0,6,12,22,28
0,6,12,22,30
0,6,12,22,31
0,6,12,22,33
0,6,12,22,34
0,6,12,22,36
0,6,12,22,37
0,6,12,22,38
0,6,12,22,40
0,6,12,22,41
0,6,12,22,43
0,6,12,22,44
0,6,12,22,46
0,6,12,22,47
0,6,12,22,49
0,6,12,22,50
0,6,12,22,52
0,6,12,22,53
0,6,12,24,25
0,6,12,24,26
0,6,12,24,27
0,6,12,24,28
0,6,12,24,29
0,6,12,24,33
0,6,12,24,34
0,6,12,24,35
0,6,12,24,36
0,6,12,24,37
0,6,12,24,38
0,6,12,24,39
0,6,12,24,41
0,6,12,24,42
0,6,12,24,43
0,6,12,24,44
0,6,12,24,45
0,6,12,24,52
0,6,12,24,53
0,6,12,24,54
0,6,12,24,55
0,6,12,26,27
0,6,12,26,28
0,6,12,26,30
0,6,12,26,31
0,6,12,26,33
0,6,12,26,34
0,6,12,26,37
0,6,12,26,38
0,6,12,26,40
0,6,12,26,41
0,6,12,26,43
0,6,12,26,44
0,6,12,26,46
0,6,12,26,47
0,6,12,26,49
0,6,12,26,50
0,6,12,26,52
0,6,12,26,53
0,6,12,27,28
0,6,12,27,33
0,6,12,27,34
0,6,12,27,36
0,6,12,27,37
0,6,12,27,38
0,6,12,27,41
0,6,12,27,43
0,6,12,27,44
0,6,12,27,52
0,6,12,27,53
0,6,12,28,29
0,6,12,28,31
0,6,12,28,32
0,6,12,28,33
0,6,12,28,34
0,6,12,28,35
0,6,12,28,36
0,6,12,28,37
0,6,12,28,38
0,6,12,28,39
0,6,12,28,40
0,6,12,28,41
0,6,12,28,42
0,6,12,28,43
0,6,12,28,44
0,6,12,28,45
0,6,12,28,46
0,6,12,28,47
0,6,12,28,48
0,6,12,28,49
0,6,12,28,50
0,6,12,28,51
0,6,12,28,52
0,6,12,28,53
0,6,12,28,54
0,6,12,28,55
0,6,12,33,34
0,6,12,33,35
0,6,12,33,36
0,6,12,33,37
0,6,12,33,38
0,6,12,33,39
0,6,12,33,41
0,6,12,33,42
0,6,12,33,43
0,6,12,33,44
0,6,12,33,45
0,6,12,33,53
0,6,12,33,54
0,6,12,33,55
0,6,12,34,36
0,6,12,34,37
0,6,12,34,38
0,6,12,34,41
0,6,12,34,43
0,6,12,34,44
0,6,12,34,52
0,6,12,34,53
0,6,12,36,41
0,6,12,36,43
0,6,12,36,44
0,6,12,36,46
0,6,12,36,47
0,6,12,36,49
0,6,12,36,50
0,6,12,36,52
0,6,12,36,53
0,6,12,37,38
0,6,12,37,40
0,6,12,37,41
0,6,12,37,43
0,6,12,37,44
0,6,12,37,47
0,6,12,37,49
0,6,12,37,50
0,6,12,37,52
0,6,12,37,53
0,6,12,38,39
0,6,12,38,41
0,6,12,38,42
0,6,12,38,43
0,6,12,38,44
0,6,12,38,45
0,6,12,38,47
0,6,12,38,48
0,6,12,38,49
0,6,12,38,50
0,6,12,38,51
0,6,12,38,52
0,6,12,38,53
0,6,12,38,54
0,6,12,38,55
0,6,12,41,42
0,6,12,41,43
0,6,12,41,44
0,6,12,41,45
0,6,12,41,52
0,6,12,41,53
0,6,12,41,54
0,6,12,41,55
0,6,12,43,44
0,6,12,43,45
0,6,12,43,49
0,6,12,43,50
0,6,12,43,51
0,6,12,43,53
0,6,12,43,54
0,6,12,43,55
0,6,12,44,50
0,6,12,44,52
0,6,12,44,53
0,6,12,52,54
0,6,12,52,55
0,6,12,53,54
0,6,22,23,24
0,6,22,23,26
0,6,22,23,27
0,6,22,23,28
0,6,22,23,33
0,6,22,23,34
0,6,22,23,36
0,6,22,23,37
0,6,22,23,38
0,6,22,23,41
0,6,22,23,43
0,6,22,23,44
0,6,22,23,52
0,6,22,23,53
0,6,22,26,27
0,6,22,26,30
0,6,22,26,31
0,6,22,26,37
0,6,22,26,40
0,6,22,26,41
0,6,22,26,46
0,6,22,26,47
0,6,22,26,50
0,6,22,27,28
0,6,22,27,30
0,6,22,27,31
0,6,22,27,33
0,6,22,27,34
0,6,22,27,37
0,6,22,27,38
0,6,22,27,40
0,6,22,27,41
0,6,22,27,43
0,6,22,27,44
0,6,22,27,46
0,6,22,27,47
0,6,22,27,49
0,6,22,27,50
0,6,22,27,52
0,6,22,27,53
0,6,22,30,31
0,6,22,30,33
0,6,22,30,34
0,6,22,30,36
0,6,22,30,37
0,6,22,30,38
0,6,22,30,40
0,6,22,30,41
0,6,22,30,43
0,6,22,30,44
0,6,22,30,47
0,6,22,30,49
0,6,22,30,50
0,6,22,30,52
0,6,22,30,53
0,6,22,31,32
0,6,22,31,36
0,6,22,31,37
0,6,22,31,39
0,6,22,31,40
0,6,22,31,41
0,6,22,31,42
0,6,22,31,45
0,6,22,31,46
0,6,22,31,47
0,6,22,31,48
0,6,22,31,50
0,6,22,31,51
0,6,22,31,55
0,6,22,36,46
0,6,22,36,47
0,6,22,36,50
0,6,22,37,38
0,6,22,37,40
0,6,22,37,41
0,6,22,37,43
0,6,22,37,44
0,6,22,37,46
0,6,22,37,47
0,6,22,37,49
0,6,22,37,50
0,6,22,37,52
0,6,22,37,53
0,6,22,40,41
0,6,22,40,43
0,6,22,40,44
0,6,22,40,47
0,6,22,40,49
0,6,22,40,50
0,6,22,40,52
0,6,22,40,53
0,6,22,41,42
0,6,22,41,46
0,6,22,41,47
0,6,22,41,48
0,6,22,41,50
0,6,22,41,51
0,6,22,41,55
0,6,22,46,49
0,6,22,46,50
0,6,22,46,52
0,6,22,46,53
0,6,22,47,48
0,6,22,47,49
0,6,22,47,50
0,6,22,47,51
0,6,22,47,54
0,6,26,27,28
0,6,26,27,30
0,6,26,27,31
0,6,26,27,33
0,6,26,27,34
0,6,26,27,37
0,6,26,27,38
0,6,26,27,40
0,6,26,27,41
0,6,26,27,43
0,6,26,27,44
0,6,26,27,46
0,6,26,27,47
0,6,26,27,49
0,6,26,27,50
0,6,26,27,52
0,6,26,27,53
0,6,26,30,33
0,6,26,30,34
0,6,26,30,37
0,6,26,30,38
0,6,26,30,41
0,6,26,30,43
0,6,26,30,44
0,6,26,30,52
0,6,26,30,53
0,6,26,31,32
0,6,26,31,37
0,6,26,31,39
0,6,26,31,40
0,6,26,31,41
0,6,26,31,42
0,6,26,31,45
0,6,26,31,46
0,6,26,31,47
0,6,26,31,48
0,6,26,31,50
0,6,26,31,51
0,6,26,31,55
0,6,26,37,38
0,6,26,37,40
0,6,26,37,41
0,6,26,37,43
0,6,26,37,44
0,6,26,37,47
0,6,26,37,49
0,6,26,37,50
0,6,26,37,52
0,6,26,37,53
0,6,26,40,41
0,6,26,40,43
0,6,26,40,44
0,6,26,40,47
0,6,26,40,49
0,6,26,40,50
0,6,26,40,52
0,6,26,40,53
0,6,26,41,42
0,6,26,41,46
0,6,26,41,47
0,6,26,41,48
0,6,26,41,50
0,6,26,41,51
0,6,26,41,55
0,6,26,46,49
0,6,26,46,50
0,6,26,46,52
0,6,26,46,53
0,6,26,47,48
0,6,26,47,49
0,6,26,47,50
0,6,26,47,51
0,6,26,47,54
0,6,27,28,29
0,6,27,28,31
0,6,27,28,32
0,6,27,28,36
0,6,27,28,37
0,6,27,28,39
0,6,27,28,40
0,6,27,28,41
0,6,27,28,42
0,6,27,28,45
0,6,27,28,46
0,6,27,28,47
0,6,27,28,48
0,6,27,28,50
0,6,27,28,51
0,6,27,28,55
0,6,27,34,36
0,6,27,34,37
0,6,27,34,38
0,6,27,34,41
0,6,27,36,41
0,6,27,36,44
0,6,27,36,46
0,6,27,36,47
0,6,27,36,49
0,6,27,36,50
0,6,27,36,52
0,6,27,36,53
0,6,27,37,38
0,6,27,37,40
0,6,27,37,41
0,6,27,37,43
0,6,27,37,44
0,6,27,37,47
0,6,27,37,49
0,6,27,37,50
0,6,27,37,52
0,6,27,37,53
0,6,27,38,39
0,6,27,38,41
0,6,27,38,42
0,6,27,38,43
0,6,27,38,44
0,6,27,38,45
0,6,27,38,47
0,6,27,38,48
0,6,27,38,49
0,6,27,38,50
0,6,27,38,51
0,6,27,38,52
0,6,27,38,53
0,6,27,38,54
0,6,27,38,55
0,6,27,41,42
0,6,27,41,43
0,6,27,41,44
0,6,27,41,45
0,6,27,41,52
0,6,27,41,53
0,6,27,41,54
0,6,27,41,55
0,6,27,43,44
0,6,27,43,45
0,6,27,43,49
0,6,27,43,50
0,6,27,43,51
0,6,27,43,53
0,6,27,43,54
0,6,27,43,55
0,6,27,44,50
0,6,27,44,52
0,6,27,44,53
0,6,27,52,54
0,6,27,52,55
0,6,27,53,54
0,6,36,40,52
0,6,36,40,53
0,6,36,41,42
0,6,36,41,46
0,6,36,41,47
0,6,36,41,48
0,6,36,41,50
0,6,36,41,51
0,6,36,41,55
0,6,36,46,52
0,6,36,46,53
0,6,36,47,48
0,6,36,47,49
0,6,36,47,50
0,6,36,47,51
0,6,36,47,54
0,6,37,38,39
0,6,37,38,40
0,6,37,38,41
0,6,37,38,42
0,6,37,38,45
0,6,37,38,47
0,6,37,38,48
0,6,37,38,50
0,6,37,38,51
0,6,37,40,41
0,6,37,40,43
0,6,37,40,44
0,6,37,40,53
0,6,37,41,42
0,6,37,41,43
0,6,37,41,44
0,6,37,41,45
0,6,37,41,48
0,6,37,41,49
0,6,37,41,50
0,6,37,41,51
0,6,37,41,53
0,6,37,41,54
0,6,37,43,45
0,6,37,43,47
0,6,37,43,48
0,6,37,43,50
0,6,37,43,51
0,6,37,44,49
0,6,37,44,50
0,6,37,49,51
0,6,41,42,44
0,7,8,9,10
0,7,8,9,12
0,7,8,9,14
0,7,8,9,21
0,7,8,9,22
0,7,8,9,25
0,7,8,9,26
0,7,8,9,27
0,7,8,9,29
0,7,8,9,35
0,7,8,9,36
0,7,8,9,37
0,7,8,9,39
0,7,8,9,41
0,7,8,9,42
0,7,8,9,45
0,7,8,9,55
0,7,8,12,19
0,7,8,12,21
0,7,8,12,22
0,7,8,12,24
0,7,8,12,27
0,7,8,12,28
0,7,8,12,33
0,7,8,12,34
0,7,8,12,52
0,7,8,12,53
0,7,8,13,16
0,7,8,13,17
0,7,8,13,21
0,7,8,13,22
0,7,8,13,23
0,7,8,13,24
0,7,8,13,25
0,7,8,13,27
0,7,8,13,29
0,7,8,13,30
0,7,8,13,31
0,7,8,13,32
0,7,8,13,33
0,7,8,13,34
0,7,8,13,35
0,7,8,13,46
0,7,8,13,47
0,7,8,13,48
0,7,8,13,50
0,7,8,13,51
0,7,8,13,55
0,7,8,19,21
0,7,8,19,22
0,7,8,19,24
0,7,8,19,26
0,7,8,19,27
0,7,8,19,28
0,7,8,19,33
0,7,8,19,34
0,7,8,19,36
0,7,8,19,37
0,7,8,19,38
0,7,8,19,41
0,7,8,19,43
0,7,8,19,44
0,7,8,19,52
0,7,8,19,53
0,7,8,21,36
0,7,8,21,37
0,7,8,21,38
0,7,8,21,41
0,7,8,21,43
0,7,8,21,44
0,7,8,21,52
0,7,8,21,53
0,7,8,22,23
0,7,8,22,24
0,7,8,22,26
0,7,8,22,27
0,7,8,22,28
0,7,8,22,30
0,7,8,22,31
0,7,8,22,33
0,7,8,22,34
0,7,8,22,37
0,7,8,22,38
0,7,8,22,40
0,7,8,22,41
0,7,8,22,43
0,7,8,22,44
0,7,8,22,46
0,7,8,22,47
0,7,8,22,49
0,7,8,22,50
0,7,8,22,52
0,7,8,22,53
0,7,8,24,25
0,7,8,24,26
0,7,8,24,27
0,7,8,24,28
0,7,8,24,29
0,7,8,24,33
0,7,8,24,34
0,7,8,24,35
0,7,8,24,36
0,7,8,24,37
0,7,8,24,38
0,7,8,24,39
0,7,8,24,41
0,7,8,24,42
0,7,8,24,43
0,7,8,24,44
0,7,8,24,45
0,7,8,24,53
0,7,8,24,54
0,7,8,24,55
0,7,8,26,27
0,7,8,26,28
0,7,8,26,30
0,7,8,26,31
0,7,8,26,33
0,7,8,26,34
0,7,8,26,37
0,7,8,26,38
0,7,8,26,40
0,7,8,26,41
0,7,8,26,43
0,7,8,26,44
0,7,8,26,46
0,7,8,26,47
0,7,8,26,49
0,7,8,26,50
0,7,8,26,52
0,7,8,26,53
0,7,8,27,28
0,7,8,27,33
0,7,8,27,34
0,7,8,27,36
0,7,8,27,37
0,7,8,27,38
0,7,8,27,41
0,7,8,27,43
0,7,8,27,44
0,7,8,27,52
0,7,8,27,53
0,7,8,28,29
0,7,8,28,31
0,7,8,28,32
0,7,8,28,33
0,7,8,28,34
0,7,8,28,35
0,7,8,28,36
0,7,8,28,37
0,7,8,28,38
0,7,8,28,39
0,7,8,28,40
0,7,8,28,41
0,7,8,28,42
0,7,8,28,43
0,7,8,28,44
0,7,8,28,45
0,7,8,28,46
0,7,8,28,47
0,7,8,28,48
0,7,8,28,49
0,7,8,28,50
0,7,8,28,51
0,7,8,28,52
0,7,8,28,53
0,7,8,28,54
0,7,8,28,55
0,7,8,33,34
0,7,8,33,35
0,7,8,33,36
0,7,8,33,37
0,7,8,33,38
0,7,8,33,39
0,7,8,33,41
0,7,8,33,42
0,7,8,33,43
0,7,8,33,44
0,7,8,33,45
0,7,8,33,53
0,7,8,33,54
0,7,8,33,55
0,7,8,34,36
0,7,8,34,37
0,7,8,34,38
0,7,8,34,41
0,7,8,34,43
0,7,8,34,44
0,7,8,34,52
0,7,8,34,53
0,7,8,36,41
0,7,8,36,44
0,7,8,36,46
0,7,8,36,47
0,7,8,36,49
0,7,8,36,50
0,7,8,36,52
0,7,8,36,53
0,7,8,37,38
0,7,8,37,40
0,7,8,37,41
0,7,8,37,43
0,7,8,37,44
0,7,8,37,47
0,7,8,37,49
0,7,8,37,50
0,7,8,37,52
0,7,8,37,53
0,7,8,38,39
0,7,8,38,41
0,7,8,38,42
0,7,8,38,43
0,7,8,38,44
0,7,8,38,45
0,7,8,38,47
0,7,8,38,48
0,7,8,38,49
0,7,8,38,50
0,7,8,38,51
0,7,8,38,53
0,7,8,38,54
0,7,8,38,55
0,7,8,41,42
0,7,8,41,43
0,7,8,41,44
0,7,8,41,45
0,7,8,41,52
0,7,8,41,53
0,7,8,41,54
0,7,8,41,55
0,7,8,43,44
0,7,8,43,45
0,7,8,43,49
0,7,8,43,50
0,7,8,43,51
0,7,8,43,53
0,7,8,43,54
0,7,8,43,55
0,7,8,44,50
0,7,8,44,52
0,7,8,44,53
0,7,8,52,55
0,7,8,53,54
0,7,16,21,31
0,7,16,21,32
0,7,16,21,36
0,7,16,21,37
0,7,16,21,39
0,7,16,21,40
0,7,16,21,41
0,7,16,21,42
0,7,16,21,45
0,7,16,21,46
0,7,16,21,47
0,7,16,21,48
0,7,16,21,50
0,7,16,21,51
0,7,16,21,55
0,7,16,22,23
0,7,16,22,25
0,7,16,22,26
0,7,16,22,27
0,7,16,22,29
0,7,16,22,30
0,7,16,22,31
0,7,16,22,32
0,7,16,22,35
0,7,16,22,37
0,7,16,22,39
0,7,16,22,40
0,7,16,22,41
0,7,16,22,42
0,7,16,22,45
0,7,16,22,47
0,7,16,22,48
0,7,16,22,50
0,7,16,22,51
0,7,16,22,55
0,7,16,23,24
0,7,16,23,25
0,7,16,23,27
0,7,16,23,28
0,7,16,23,29
0,7,16,23,30
0,7,16,23,31
0,7,16,23,32
0,7,16,23,33
0,7,16,23,34
0,7,16,23,35
0,7,16,23,37
0,7,16,23,38
0,7,16,23,39
0,7,16,23,41
0,7,16,23,42
0,7,16,23,43
0,7,16,23,44
0,7,16,23,45
0,7,16,23,48
0,7,16,23,50
0,7,16,23,51
0,7,16,23,53
0,7,16,23,54
0,7,16,23,55
0,7,16,25,27
0,7,16,25,29
0,7,16,25,31
0,7,16,25,32
0,7,16,25,35
0,7,16,25,39
0,7,16,25,41
0,7,16,25,42
0,7,16,25,45
0,7,16,25,48
0,7,16,25,50
0,7,16,25,51
0,7,16,27,28
0,7,16,27,29
0,7,16,27,31
0,7,16,27,32
0,7,16,27,34
0,7,16,27,35
0,7,16,27,50
0,7,16,27,51
0,7,16,27,54
0,7,16,27,55
0,7,16,29,32
0,7,16,29,35
0,7,16,29,50
0,7,16,29,51
0,7,16,29,55
0,7,16,32,34
0,7,16,32,35
0,7,16,32,44
0,7,16,32,45
0,7,16,32,55
0,7,16,35,45
0,7,16,35,51
0,7,21,36,46
0,7,21,36,47
0,7,21,36,50
0,7,21,37,38
0,7,21,37,40
0,7,21,37,41
0,7,21,37,43
0,7,21,37,44
0,7,21,37,47
0,7,21,37,49
0,7,21,37,50
0,7,21,37,52
0,7,21,37,53
0,7,21,40,41
0,7,21,40,43
0,7,21,40,44
0,7,21,40,47
0,7,21,40,49
0,7,21,40,50
0,7,21,40,52
0,7,21,40,53
0,7,21,41,42
0,7,21,41,46
0,7,21,41,47
0,7,21,41,48
0,7,21,41,50
0,7,21,41,51
0,7,21,41,55
0,7,21,46,50
0,7,21,46,52
0,7,21,46,53
0,7,21,47,48
0,7,21,47,49
0,7,21,47,50
0,7,21,47,51
0,7,21,47,54
0,7,22,23,24
0,7,22,23,26
0,7,22,23,27
0,7,22,23,28
0,7,22,23,30
0,7,22,23,31
0,7,22,23,33
0,7,22,23,34
0,7,22,23,37
0,7,22,23,38
0,7,22,23,40
0,7,22,23,41
0,7,22,23,43
0,7,22,23,44
0,7,22,23,47
0,7,22,23,49
0,7,22,23,50
0,7,22,23,52
0,7,22,23,53
0,7,22,26,27
0,7,22,26,30
0,7,22,26,31
0,7,22,26,46
0,7,22,26,47
0,7,22,26,50
0,7,22,27,28
0,7,22,27,30
0,7,22,27,31
0,7,22,27,33
0,7,22,27,34
0,7,22,27,37
0,7,22,27,38
0,7,22,27,40
0,7,22,27,41
0,7,22,27,43
0,7,22,27,44
0,7,22,27,46
0,7,22,27,47
0,7,22,27,49
0,7,22,27,50
0,7,22,27,52
0,7,22,27,53
0,7,22,30,31
0,7,22,30,33
0,7,22,30,34
0,7,22,30,37
0,7,22,30,38
0,7,22,30,40
0,7,22,30,41
0,7,22,30,43
0,7,22,30,44
0,7,22,30,47
0,7,22,30,49
0,7,22,30,50
0,7,22,30,52
0,7,22,30,53
0,7,22,31,32
0,7,22,31,37
0,7,22,31,39
0,7,22,31,40
0,7,22,31,41
0,7,22,31,42
0,7,22,31,45
0,7,22,31,46
0,7,22,31,47
0,7,22,31,48
0,7,22,31,50
0,7,22,31,51
0,7,22,31,55
0,7,22,37,38
0,7,22,37,40
0,7,22,37,41
0,7,22,37,43
0,7,22,37,44
0,7,22,37,47
0,7,22,37,49
0,7,22,37,50
0,7,22,37,52
0,7,22,37,53
0,7,22,40,41
0,7,22,40,43
0,7,22,40,44
0,7,22,40,47
0,7,22,40,49
0,7,22,40,50
0,7,22,40,52
0,7,22,40,53
0,7,22,41,42
0,7,22,41,46
0,7,22,41,47
0,7,22,41,48
0,7,22,41,50
0,7,22,41,51
0,7,22,41,55
0,7,22,46,50
0,7,22,46,52
0,7,22,46,53
0,7,22,47,48
0,7,22,47,49
0,7,22,47,50
0,7,22,47,51
0,7,22,47,54
0,7,23,24,25
0,7,23,24,27
0,7,23,24,29
0,7,23,24,30
0,7,23,24,31
0,7,23,24,32
0,7,23,24,35
0,7,23,24,37
0,7,23,24,39
0,7,23,24,40
0,7,23,24,41
0,7,23,24,42
0,7,23,24,45
0,7,23,24,47
0,7,23,24,48
0,7,23,24,50
0,7,23,24,51
0,7,23,24,55
0,7,23,27,28
0,7,23,27,30
0,7,23,27,31
0,7,23,27,33
0,7,23,27,34
0,7,23,27,37
0,7,23,27,38
0,7,23,27,40
0,7,23,27,41
0,7,23,27,43
0,7,23,27,44
0,7,23,27,47
0,7,23,27,49
0,7,23,27,50
0,7,23,27,52
0,7,23,27,53
0,7,23,28,29
0,7,23,28,30
0,7,23,28,31
0,7,23,28,32
0,7,23,28,33
0,7,23,28,34
0,7,23,28,35
0,7,23,28,37
0,7,23,28,39
0,7,23,28,40
0,7,23,28,41
0,7,23,28,42
0,7,23,28,43
0,7,23,28,44
0,7,23,28,45
0,7,23,28,47
0,7,23,28,48
0,7,23,28,49
0,7,23,28,50
0,7,23,28,51
0,7,23,28,52
0,7,23,28,53
0,7,23,28,54
0,7,23,28,55
0,7,23,30,31
0,7,23,30,33
0,7,23,30,34
0,7,23,30,37
0,7,23,30,38
0,7,23,30,40
0,7,23,30,41
0,7,23,30,43
0,7,23,30,44
0,7,23,30,47
0,7,23,30,49
0,7,23,30,50
0,7,23,30,52
0,7,23,30,53
0,7,23,31,32
0,7,23,31,33
0,7,23,31,34
0,7,23,31,35
0,7,23,31,37
0,7,23,31,38
0,7,23,31,39
0,7,23,31,40
0,7,23,31,41
0,7,23,31,42
0,7,23,31,43
0,7,23,31,44
0,7,23,31,45
0,7,23,31,47
0,7,23,31,48
0,7,23,31,49
0,7,23,31,50
0,7,23,31,51
0,7,23,31,53
0,7,23,31,54
0,7,23,31,55
0,7,23,33,34
0,7,23,33,35
0,7,23,33,37
0,7,23,33,38
0,7,23,33,39
0,7,23,33,40
0,7,23,33,41
0,7,23,33,42
0,7,23,33,43
0,7,23,33,44
0,7,23,33,45
0,7,23,33,47
0,7,23,33,48
0,7,23,33,49
0,7,23,33,50
0,7,23,33,51
0,7,23,33,53
0,7,23,33,54
0,7,23,33,55
0,7,23,34,37
0,7,23,34,38
0,7,23,34,40
0,7,23,34,41
0,7,23,34,43
0,7,23,34,44
0,7,23,34,47
0,7,23,34,49
0,7,23,34,50
0,7,23,34,52
0,7,23,34,53
0,7,23,37,47
0,7,23,37,49
0,7,23,37,50
0,7,23,37,52
0,7,23,37,53
0,7,23,38,47
0,7,23,38,48
0,7,23,38,50
0,7,23,38,51
0,7,23,38,55
0,7,23,40,41
0,7,23,40,43
0,7,23,40,44
0,7,23,40,47
0,7,23,40,49
0,7,23,40,50
0,7,23,40,52
0,7,23,40,53
0,7,23,41,42
0,7,23,41,43
0,7,23,41,44
0,7,23,41,45
0,7,23,41,47
0,7,23,41,48
0,7,23,41,49
0,7,23,41,50
0,7,23,41,51
0,7,23,41,52
0,7,23,41,53
0,7,23,41,54
0,7,23,41,55
0,7,23,43,44
0,7,23,43,45
0,7,23,43,47
0,7,23,43,48
0,7,23,43,49
0,7,23,43,50
0,7,23,43,51
0,7,23,43,53
0,7,23,43,54
0,7,23,43,55
0,7,23,44,47
0,7,23,44,49
0,7,23,44,50
0,7,23,44,52
0,7,23,44,53
0,7,23,47,48
0,7,23,47,49
0,7,23,47,50
0,7,23,47,51
0,7,23,47,53
0,7,23,47,54
0,7,23,47,55
0,7,23,49,50
0,7,23,49,51
0,7,23,49,53
0,7,23,49,54
0,7,23,49,55
0,7,23,50,52
0,7,23,50,53
0,7,23,52,55
0,7,23,53,54
0,7,27,28,29
0,7,27,28,30
0,7,27,28,31
0,7,27,28,32
0,7,27,28,35
0,7,27,28,46
0,7,27,28,47
0,7,27,28,48
0,7,27,28,50
0,7,27,28,51
0,7,27,28,55
0,7,27,30,31
0,7,27,30,33
0,7,27,30,34
0,7,27,30,40
0,7,27,30,41
0,7,27,30,43
0,7,27,30,44
0,7,27,30,47
0,7,27,30,49
0,7,27,30,50
0,7,27,30,52
0,7,27,30,53
0,7,27,31,32
0,7,27,31,33
0,7,27,31,34
0,7,27,31,35
0,7,27,31,41
0,7,27,31,42
0,7,27,31,43
0,7,27,31,44
0,7,27,31,45
0,7,27,31,47
0,7,27,31,48
0,7,27,31,49
0,7,27,31,50
0,7,27,31,51
0,7,27,31,52
0,7,27,31,53
0,7,27,31,54
0,7,27,31,55
0,7,27,33,34
0,7,27,33,35
0,7,27,33,43
0,7,27,33,44
0,7,27,33,45
0,7,27,33,46
0,7,27,33,47
0,7,27,33,48
0,7,27,33,49
0,7,27,33,50
0,7,27,33,51
0,7,27,33,53
0,7,27,33,54
0,7,27,33,55
0,7,27,34,44
0,7,27,34,46
0,7,27,34,47
0,7,27,34,49
0,7,27,34,50
0,7,27,34,52
0,7,27,34,53
0,7,27,46,52
0,7,27,46,53
0,7,27,47,48
0,7,27,47,49
0,7,27,47,50
0,7,27,47,51
0,7,27,47,53
0,7,27,47,54
0,7,27,47,55
0,7,27,49,50
0,7,27,49,51
0,7,27,49,53
0,7,27,49,54
0,7,27,49,55
0,7,27,50,52
0,7,27,50,53
0,7,27,52,55
0,7,27,53,54
0,7,30,31,32
0,7,30,31,33
0,7,30,31,34
0,7,30,31,35
0,7,30,31,40
0,7,30,31,41
0,7,30,31,42
0,7,30,31,43
0,7,30,31,44
0,7,30,31,45
0,7,30,31,47
0,7,30,31,48
0,7,30,31,49
0,7,30,31,50
0,7,30,31,51
0,7,30,31,53
0,7,30,31,54
0,7,30,31,55
0,7,30,33,35
0,7,30,33,40
0,7,30,33,41
0,7,30,33,42
0,7,30,33,45
0,7,30,33,47
0,7,30,33,48
0,7,30,33,50
0,7,30,33,51
0,7,30,33,55
0,7,30,34,40
0,7,30,34,41
0,7,30,34,43
0,7,30,34,44
0,7,30,34,47
0,7,30,34,49
0,7,30,34,50
0,7,30,34,52
0,7,30,34,53
0,7,30,40,47
0,7,30,40,49
0,7,30,40,50
0,7,30,40,52
0,7,30,40,53
0,7,30,41,42
0,7,30,41,44
0,7,30,41,47
0,7,30,41,48
0,7,30,41,49
0,7,30,41,50
0,7,30,41,51
0,7,30,41,53
0,7,30,41,54
0,7,30,41,55
0,7,30,43,47
0,7,30,43,48
0,7,30,43,50
0,7,30,43,51
0,7,30,43,55
0,7,30,44,47
0,7,30,44,49
0,7,30,44,50
0,7,30,44,52
0,7,30,44,53
0,7,30,47,48
0,7,30,47,49
0,7,30,47,50
0,7,30,47,51
0,7,30,47,53
0,7,30,47,54
0,7,30,47,55
0,7,30,49,50
0,7,30,49,51
0,7,30,49,53
0,7,30,49,54
0,7,30,49,55
0,7,30,50,53
0,7,30,52,55
0,7,30,53,54
0,7,31,32,34
0,7,31,32,41
0,7,31,32,44
0,7,31,32,47
0,7,31,32,49
0,7,31,32,50
0,7,31,32,53
0,7,31,41,47
0,7,31,41,48
0,7,31,41,50
0,7,31,41,51
0,7,31,41,55
0,7,31,42,47
0,7,31,42,49
0,7,31,42,50
0,7,31,42,52
0,7,31,42,53
0,7,31,46,55
0,7,31,47,48
0,7,31,47,49
0,7,31,47,50
0,7,31,47,51
0,7,31,47,53
0,7,31,47,54
0,7,31,47,55
0,7,31,48,50
0,7,31,48,51
0,7,31,48,53
0,7,31,48,54
0,7,31,50,51
0,7,31,51,54
0,7,46,52,55
0,7,46,53,54
0,7,47,48,49
0,7,47,48,50
0,7,47,48,53
0,7,47,49,50
0,7,47,49,51
0,7,47,50,51
0,7,47,50,54
0,7,47,51,53
0,21,36,46,52
0,21,36,46,53
0,21,36,47,48
0,21,36,47,49
0,21,36,47,50
0,21,36,47,51
0,21,36,47,54
0,21,37,38,39
0,21,37,38,40
0,21,37,38,41
0,21,37,38,42
0,21,37,38,45
0,21,37,38,47
0,21,37,38,48
0,21,37,38,50
0,21,37,38,51
0,21,37,40,41
0,21,37,40,43
0,21,37,40,44
0,21,37,40,53
0,21,37,41,42
0,21,37,41,43
0,21,37,41,44
0,21,37,41,45
0,21,37,41,48
0,21,37,41,49
0,21,37,41,50
0,21,37,41,51
0,21,37,41,53
0,21,37,41,54
0,21,37,43,45
0,21,37,43,47
0,21,37,43,48
0,21,37,43,50
0,21,37,43,51
0,21,37,44,49
0,21,37,44,50
0,21,37,49,51
0,21,41,42,44
0,22,23,24,25
0,22,23,24,26
0,22,23,24,27
0,22,23,24,29
0,22,23,24,35
0,22,23,24,37
0,22,23,24,39
0,22,23,24,41
0,22,23,24,42
0,22,23,24,45
0,22,23,26,27
0,22,23,26,28
0,22,23,26,30
0,22,23,26,31
0,22,23,26,33
0,22,23,26,34
0,22,23,26,37
0,22,23,26,38
0,22,23,26,40
0,22,23,26,41
0,22,23,26,43
0,22,23,26,44
0,22,23,26,47
0,22,23,26,49
0,22,23,26,50
0,22,23,26,53
0,22,23,27,28
0,22,23,27,33
0,22,23,27,34
0,22,23,27,37
0,22,23,27,38
0,22,23,27,41
0,22,23,27,43
0,22,23,27,44
0,22,23,27,53
0,22,23,28,29
0,22,23,28,31
0,22,23,28,32
0,22,23,28,33
0,22,23,28,34
0,22,23,28,35
0,22,23,28,37
0,22,23,28,38
0,22,23,28,39
0,22,23,28,40
0,22,23,28,41
0,22,23,28,42
0,22,23,28,43
0,22,23,28,44
0,22,23,28,45
0,22,23,28,47
0,22,23,28,48
0,22,23,28,49
0,22,23,28,50
0,22,23,28,51
0,22,23,28,53
0,22,23,28,54
0,22,23,33,34
0,22,23,33,35
0,22,23,33,37
0,22,23,33,38
0,22,23,33,39
0,22,23,33,41
0,22,23,33,42
0,22,23,33,43
0,22,23,33,44
0,22,23,33,45
0,22,23,33,53
0,22,23,33,54
0,22,23,34,37
0,22,23,34,38
0,22,23,34,41
0,22,23,34,43
0,22,23,34,44
0,22,23,34,53
0,22,23,37,40
0,22,23,37,41
0,22,23,37,43
0,22,23,37,44
0,22,23,37,47
0,22,23,37,49
0,22,23,37,50
0,22,23,37,53
0,22,23,38,41
0,22,23,38,42
0,22,23,38,43
0,22,23,38,44
0,22,23,38,45
0,22,23,38,47
0,22,23,38,48
0,22,23,38,49
0,22,23,38,50
0,22,23,38,51
0,22,23,38,53
0,22,23,38,54
0,22,23,41,42
0,22,23,41,43
0,22,23,41,44
0,22,23,41,45
0,22,23,41,53
0,22,23,41,54
0,22,23,43,44
0,22,23,43,45
0,22,23,43,49
0,22,23,43,50
0,22,23,43,51
0,22,23,43,53
0,22,23,43,54
0,22,23,44,50
0,22,23,44,53
0,22,23,53,54
0,22,26,27,28
0,22,26,27,30
0,22,26,27,31
0,22,26,27,33
0,22,26,27,34
0,22,26,27,47
0,22,26,27,49
0,22,26,27,50
0,22,26,27,53
0,22,26,30,31
0,22,26,30,33
0,22,26,30,34
0,22,26,30,41
0,22,26,30,43
0,22,26,30,44
0,22,26,30,49
0,22,26,30,50
0,22,26,30,53
0,22,26,31,32
0,22,26,31,41
0,22,26,31,42
0,22,26,31,47
0,22,26,31,48
0,22,26,31,50
0,22,26,31,51
0,22,26,47,49
0,22,26,47,50
0,22,26,47,51
0,22,26,47,54
0,22,27,28,29
0,22,27,28,30
0,22,27,28,31
0,22,27,28,32
0,22,27,28,35
0,22,27,28,37
0,22,27,28,39
0,22,27,28,40
0,22,27,28,41
0,22,27,28,42
0,22,27,28,45
0,22,27,28,47
0,22,27,28,48
0,22,27,28,50
0,22,27,28,51
0,22,27,30,33
0,22,27,30,34
0,22,27,30,37
0,22,27,30,38
0,22,27,30,41
0,22,27,30,43
0,22,27,30,44
0,22,27,30,49
0,22,27,30,50
0,22,27,30,53
0,22,27,31,32
0,22,27,31,33
0,22,27,31,34
0,22,27,31,35
0,22,27,31,38
0,22,27,31,39
0,22,27,31,40
0,22,27,31,41
0,22,27,31,42
0,22,27,31,43
0,22,27,31,44
0,22,27,31,45
0,22,27,31,47
0,22,27,31,48
0,22,27,31,49
0,22,27,31,50
0,22,27,31,51
0,22,27,31,53
0,22,27,31,54
0,22,27,33,34
0,22,27,33,35
0,22,27,33,38
0,22,27,33,39
0,22,27,33,40
0,22,27,33,41
0,22,27,33,42
0,22,27,33,44
0,22,27,33,45
0,22,27,33,47
0,22,27,33,48
0,22,27,33,50
0,22,27,33,51
0,22,27,33,54
0,22,27,34,38
0,22,27,34,40
0,22,27,34,41
0,22,27,34,43
0,22,27,34,44
0,22,27,34,47
0,22,27,34,49
0,22,27,34,50
0,22,27,34,53
0,22,27,38,40
0,22,27,38,42
0,22,27,38,45
0,22,27,38,47
0,22,27,38,48
0,22,27,38,49
0,22,27,38,50
0,22,27,38,51
0,22,27,38,53
0,22,27,38,54
0,22,27,40,43
0,22,27,40,44
0,22,27,40,53
0,22,27,41,42
0,22,27,41,43
0,22,27,41,44
0,22,27,41,45
0,22,27,41,48
0,22,27,41,49
0,22,27,41,50
0,22,27,41,51
0,22,27,41,53
0,22,27,41,54
0,22,27,43,44
0,22,27,43,45
0,22,27,43,47
0,22,27,43,48
0,22,27,43,50
0,22,27,43,51
0,22,27,43,54
0,22,27,44,47
0,22,27,44,49
0,22,27,44,50
0,22,27,44,53
0,22,27,47,51
0,22,27,47,53
0,22,27,47,54
0,22,27,49,51
0,22,27,49,54
0,22,27,50,53
0,22,30,33,35
0,22,30,33,37
0,22,30,33,39
0,22,30,33,41
0,22,30,33,42
0,22,30,33,45
0,22,30,33,50
0,22,30,33,51
0,22,30,34,37
0,22,30,34,38
0,22,30,34,41
0,22,30,34,43
0,22,30,34,44
0,22,30,34,49
0,22,30,34,50
0,22,30,37,53
0,22,30,38,49
0,22,30,38,50
0,22,30,38,51
0,22,30,38,54
0,22,30,41,42
0,22,30,41,44
0,22,30,41,45
0,22,30,41,50
0,22,30,41,53
0,22,30,41,54
0,22,30,43,45
0,22,30,43,50
0,22,30,43,54
0,22,30,44,50
0,22,31,32,34
0,22,31,32,40
0,22,31,32,41
0,22,31,32,43
0,22,31,32,44
0,22,31,32,50
0,22,31,32,53
0,22,31,40,43
0,22,31,40,44
0,22,31,40,45
0,22,31,40,53
0,22,31,40,54
0,22,31,41,42
0,22,31,41,45
0,22,31,41,50
0,22,31,41,51
0,22,31,42,44
0,22,31,42,50
0,22,31,42,53
0,22,31,42,54
0,22,31,45,50
0,22,40,43,45
0,22,41,42,44
0,22,41,42,50
0,27,28,29,31
0,27,28,29,50
0,27,28,31,41
0,27,28,31,42
0,27,28,32,34
0,27,28,32,44
1,2,3,4,5
1,2,3,4,6
1,2,3,4,7
1,2,3,4,10
1,2,3,4,20
1,2,3,4,22
1,2,3,4,25
1,2,3,4,27
1,2,3,4,29
1,2,3,4,35
1,2,3,6,7
1,2,3,6,9
1,2,3,6,11
1,2,3,6,12
1,2,3,6,13
1,2,3,6,18
1,2,3,6,19
1,2,3,6,22
1,2,3,6,24
1,2,3,6,26
1,2,3,6,27
1,2,3,6,28
1,2,3,6,33
1,2,3,6,34
1,2,3,6,37
1,2,3,6,38
1,2,3,6,41
1,2,3,6,43
1,2,3,6,44
1,2,3,6,53
1,2,3,7,8
1,2,3,7,9
1,2,3,7,16
1,2,3,7,18
1,2,3,7,19
1,2,3,7,22
1,2,3,7,23
1,2,3,7,24
1,2,3,7,27
1,2,3,7,28
1,2,3,7,30
1,2,3,7,31
1,2,3,7,33
1,2,3,7,34
1,2,3,7,47
1,2,3,7,49
1,2,3,7,50
1,2,3,7,53
1,2,3,9,10
1,2,3,9,13
1,2,3,9,14
1,2,3,9,18
1,2,3,9,19
1,2,3,9,20
1,2,3,9,22
1,2,3,9,24
1,2,3,9,25
1,2,3,9,26
1,2,3,9,27
1,2,3,9,28
1,2,3,9,29
1,2,3,9,33
1,2,3,9,34
1,2,3,9,35
1,2,3,9,37
1,2,3,9,38
1,2,3,9,39
1,2,3,9,41
1,2,3,9,42
1,2,3,9,43
1,2,3,9,44
1,2,3,9,45
1,2,3,9,53
1,2,3,9,54
1,2,3,18,19
1,2,3,18,20
1,2,3,18,22
1,2,3,18,24
1,2,3,18,25
1,2,3,18,27
1,2,3,18,28
1,2,3,18,29
1,2,3,18,33
1,2,3,18,34
1,2,3,18,35
1,2,3,18,53
1,2,3,18,54
1,2,3,19,22
1,2,3,19,24
1,2,3,19,27
1,2,3,19,28
1,2,3,19,33
1,2,3,19,34
1,2,3,19,53
1,2,3,22,23
1,2,3,22,24
1,2,3,22,26
1,2,3,22,27
1,2,3,22,28
1,2,3,22,30
1,2,3,22,31
1,2,3,22,33
1,2,3,22,34
1,2,3,22,38
1,2,3,22,40
1,2,3,22,41
1,2,3,22,43
1,2,3,22,44
1,2,3,22,47
1,2,3,22,49
1,2,3,22,50
1,2,3,22,53
1,2,3,24,25
1,2,3,24,27
1,2,3,24,28
1,2,3,24,29
1,2,3,24,33
1,2,3,24,34
1,2,3,24,35
1,2,3,24,38
1,2,3,24,39
1,2,3,24,41
1,2,3,24,42
1,2,3,24,43
1,2,3,24,44
1,2,3,24,45
1,2,3,24,53
1,2,3,24,54
1,2,3,27,28
1,2,3,27,33
1,2,3,27,34
1,2,3,27,53
1,2,3,28,29
1,2,3,28,31
1,2,3,28,32
1,2,3,28,33
1,2,3,28,34
1,2,3,28,35
1,2,3,28,49
1,2,3,28,50
1,2,3,28,51
1,2,3,28,53
1,2,3,28,54
1,2,3,33,34
1,2,3,33,35
1,2,3,33,43
1,2,3,33,44
1,2,3,33,45
1,2,3,33,53
1,2,3,33,54
1,2,3,34,44
1,2,3,34,53
1,2,3,53,54
1,2,6,7,8
1,2,6,7,11
1,2,6,7,12
1,2,6,7,15
1,2,6,7,16
1,2,6,7,22
1,2,6,7,23
1,2,6,7,26
1,2,6,7,27
1,2,6,7,30
1,2,6,7,31
1,2,6,7,37
1,2,6,7,40
1,2,6,7,41
1,2,6,7,47
1,2,6,7,50
1,2,6,8,9
1,2,6,8,11
1,2,6,8,12
1,2,6,8,13
1,2,6,8,15
1,2,6,8,16
1,2,6,8,18
1,2,6,8,19
1,2,6,8,22
1,2,6,8,24
1,2,6,8,26
1,2,6,8,27
1,2,6,8,28
1,2,6,8,30
1,2,6,8,31
1,2,6,8,33
1,2,6,8,34
1,2,6,8,37
1,2,6,8,38
1,2,6,8,40
1,2,6,8,41
1,2,6,8,43
1,2,6,8,44
1,2,6,8,47
1,2,6,8,49
1,2,6,8,50
1,2,6,8,53
1,2,6,11,15
1,2,6,11,16
1,2,6,11,22
1,2,6,11,23
1,2,6,11,27
1,2,6,11,30
1,2,6,11,31
1,2,6,11,47
1,2,6,11,50
1,2,6,12,13
1,2,6,12,15
1,2,6,12,16
1,2,6,12,18
1,2,6,12,19
1,2,6,12,22
1,2,6,12,23
1,2,6,12,24
1,2,6,12,26
1,2,6,12,27
1,2,6,12,28
1,2,6,12,30
1,2,6,12,31
1,2,6,12,33
1,2,6,12,34
1,2,6,12,37
1,2,6,12,38
1,2,6,12,40
1,2,6,12,41
1,2,6,12,43
1,2,6,12,44
1,2,6,12,47
1,2,6,12,49
1,2,6,12,50
1,2,6,12,53
1,2,6,15,16
1,2,6,15,18
1,2,6,15,19
1,2,6,15,22
1,2,6,15,23
1,2,6,15,24
1,2,6,15,26
1,2,6,15,27
1,2,6,15,28
1,2,6,15,30
1,2,6,15,31
1,2,6,15,33
1,2,6,15,34
1,2,6,15,37
1,2,6,15,38
1,2,6,15,40
1,2,6,15,41
1,2,6,15,43
1,2,6,15,44
1,2,6,15,47
1,2,6,15,49
1,2,6,15,50
1,2,6,15,53
1,2,6,16,17
1,2,6,16,22
1,2,6,16,23
1,2,6,16,25
1,2,6,16,26
1,2,6,16,27
1,2,6,16,29
1,2,6,16,30
1,2,6,16,31
1,2,6,16,32
1,2,6,16,35
1,2,6,16,37
1,2,6,16,39
1,2,6,16,40
1,2,6,16,41
1,2,6,16,42
1,2,6,16,45
1,2,6,16,47
1,2,6,16,48
1,2,6,16,50
1,2,6,16,51
1,2,6,22,37
1,2,6,22,40
1,2,6,22,41
1,2,6,22,47
1,2,6,22,50
1,2,6,23,37
1,2,6,23,38
1,2,6,23,41
1,2,6,23,43
1,2,6,23,44
1,2,6,23,53
1,2,6,26,27
1,2,6,26,30
1,2,6,26,31
1,2,6,26,37
1,2,6,26,40
1,2,6,26,41
1,2,6,26,47
1,2,6,26,50
1,2,6,27,28
1,2,6,27,30
1,2,6,27,31
1,2,6,27,33
1,2,6,27,34
1,2,6,27,37
1,2,6,27,38
1,2,6,27,40
1,2,6,27,41
1,2,6,27,43
1,2,6,27,44
1,2,6,27,47
1,2,6,27,49
1,2,6,27,50
1,2,6,27,53
1,2,6,30,31
1,2,6,30,33
1,2,6,30,34
1,2,6,30,37
1,2,6,30,38
1,2,6,30,40
1,2,6,30,41
1,2,6,30,43
1,2,6,30,44
1,2,6,30,47
1,2,6,30,49
1,2,6,30,50
1,2,6,30,53
1,2,6,31,32
1,2,6,31,37
1,2,6,31,39
1,2,6,31,40
1,2,6,31,41
1,2,6,31,42
1,2,6,31,45
1,2,6,31,47
1,2,6,31,48
1,2,6,31,50
1,2,6,31,51
1,2,6,37,38
1,2,6,37,40
1,2,6,37,41
1,2,6,37,43
1,2,6,37,44
1,2,6,37,47
1,2,6,37,49
1,2,6,37,50
1,2,6,37,53
1,2,6,40,41
1,2,6,40,43
1,2,6,40,44
1,2,6,40,47
1,2,6,40,49
1,2,6,40,50
1,2,6,40,53
1,2,6,41,42
1,2,6,41,47
1,2,6,41,48
1,2,6,41,50
1,2,6,41,51
1,2,6,47,48
1,2,6,47,49
1,2,6,47,50
1,2,6,47,51
1,2,6,47,54
1,2,7,8,9
1,2,7,8,12
1,2,7,8,13
1,2,7,8,15
1,2,7,8,16
1,2,7,8,18
1,2,7,8,19
1,2,7,8,22
1,2,7,8,23
1,2,7,8,24
1,2,7,8,26
1,2,7,8,27
1,2,7,8,28
1,2,7,8,30
1,2,7,8,31
1,2,7,8,33
1,2,7,8,34
1,2,7,8,37
1,2,7,8,38
1,2,7,8,40
1,2,7,8,41
1,2,7,8,43
1,2,7,8,44
1,2,7,8,47
1,2,7,8,49
1,2,7,8,50
1,2,7,8,53
1,2,7,15,16
1,2,7,15,18
1,2,7,15,19
1,2,7,15,22
1,2,7,15,23
1,2,7,15,24
1,2,7,15,27
1,2,7,15,28
1,2,7,15,30
1,2,7,15,31
1,2,7,15,33
1,2,7,15,34
1,2,7,15,47
1,2,7,15,49
1,2,7,15,50
1,2,7,15,53
1,2,7,16,17
1,2,7,16,22
1,2,7,16,23
1,2,7,16,25
1,2,7,16,27
1,2,7,16,29
1,2,7,16,30
1,2,7,16,31
1,2,7,16,32
1,2,7,16,35
1,2,7,16,47
1,2,7,16,48
1,2,7,16,50
1,2,7,16,51
1,2,7,22,23
1,2,7,22,26
1,2,7,22,27
1,2,7,22,30
1,2,7,22,31
1,2,7,22,37
1,2,7,22,40
1,2,7,22,41
1,2,7,22,47
1,2,7,22,50
1,2,7,23,24
1,2,7,23,27
1,2,7,23,28
1,2,7,23,30
1,2,7,23,31
1,2,7,23,33
1,2,7,23,34
1,2,7,23,37
1,2,7,23,38
1,2,7,23,40
1,2,7,23,41
1,2,7,23,43
1,2,7,23,44
1,2,7,23,47
1,2,7,23,49
1,2,7,23,50
1,2,7,23,53
1,2,7,27,28
1,2,7,27,30
1,2,7,27,31
1,2,7,27,33
1,2,7,27,34
1,2,7,27,47
1,2,7,27,49
1,2,7,27,50
1,2,7,27,53
1,2,7,30,31
1,2,7,30,33
1,2,7,30,34
1,2,7,30,40
1,2,7,30,41
1,2,7,30,43
1,2,7,30,44
1,2,7,30,47
1,2,7,30,49
1,2,7,30,50
1,2,7,30,53
1,2,7,31,32
1,2,7,31,41
1,2,7,31,42
1,2,7,31,47
1,2,7,31,48
1,2,7,31,50
1,2,7,31,51
1,2,7,47,48
1,2,7,47,49
1,2,7,47,50
1,2,7,47,51
1,2,7,47,54
1,2,8,9,10
1,2,8,9,12
1,2,8,9,14
1,2,8,9,15
1,2,8,9,16
1,2,8,9,17
1,2,8,9,20
1,2,8,9,22
1,2,8,9,23
1,2,8,9,25
1,2,8,9,26
1,2,8,9,27
1,2,8,9,29
1,2,8,9,30
1,2,8,9,31
1,2,8,9,32
1,2,8,9,35
1,2,8,9,37
1,2,8,9,39
1,2,8,9,40
1,2,8,9,41
1,2,8,9,42
1,2,8,9,45
1,2,8,9,47
1,2,8,9,48
1,2,8,9,50
1,2,8,9,51
1,2,8,12,15
1,2,8,12,16
1,2,8,12,18
1,2,8,12,19
1,2,8,12,22
1,2,8,12,23
1,2,8,12,24
1,2,8,12,27
1,2,8,12,28
1,2,8,12,30
1,2,8,12,31
1,2,8,12,33
1,2,8,12,34
1,2,8,12,47
1,2,8,12,49
1,2,8,12,50
1,2,8,12,53
1,2,8,13,15
1,2,8,13,16
1,2,8,13,17
1,2,8,13,20
1,2,8,13,22
1,2,8,13,23
1,2,8,13,24
1,2,8,13,25
1,2,8,13,27
1,2,8,13,29
1,2,8,13,30
1,2,8,13,31
1,2,8,13,32
1,2,8,13,33
1,2,8,13,34
1,2,8,13,35
1,2,8,13,47
1,2,8,13,48
1,2,8,13,50
1,2,8,13,51
1,2,8,15,16
1,2,8,15,18
1,2,8,15,19
1,2,8,15,22
1,2,8,15,23
1,2,8,15,24
1,2,8,15,26
1,2,8,15,27
1,2,8,15,28
1,2,8,15,31
1,2,8,15,33
1,2,8,15,34
1,2,8,15,37
1,2,8,15,38
1,2,8,15,40
1,2,8,15,41
1,2,8,15,43
1,2,8,15,44
1,2,8,15,47
1,2,8,15,49
1,2,8,15,50
1,2,8,15,53
1,2,8,16,17
1,2,8,16,18
1,2,8,16,19
1,2,8,16,20
1,2,8,16,22
1,2,8,16,23
1,2,8,16,24
1,2,8,16,25
1,2,8,16,26
1,2,8,16,27
1,2,8,16,28
1,2,8,16,29
1,2,8,16,30
1,2,8,16,31
1,2,8,16,32
1,2,8,16,33
1,2,8,16,34
1,2,8,16,35
1,2,8,16,37
1,2,8,16,38
1,2,8,16,39
1,2,8,16,40
1,2,8,16,41
1,2,8,16,42
1,2,8,16,43
1,2,8,16,44
1,2,8,16,45
1,2,8,16,47
1,2,8,16,48
1,2,8,16,49
1,2,8,16,50
1,2,8,16,51
1,2,8,16,53
1,2,8,16,54
1,2,8,18,19
1,2,8,18,20
1,2,8,18,22
1,2,8,18,23
1,2,8,18,24
1,2,8,18,25
1,2,8,18,26
1,2,8,18,27
1,2,8,18,28
1,2,8,18,29
1,2,8,18,30
1,2,8,18,31
1,2,8,18,32
1,2,8,18,33
1,2,8,18,34
1,2,8,18,35
1,2,8,18,37
1,2,8,18,38
1,2,8,18,39
1,2,8,18,40
1,2,8,18,41
1,2,8,18,42
1,2,8,18,43
1,2,8,18,44
1,2,8,18,45
1,2,8,18,47
1,2,8,18,48
1,2,8,18,49
1,2,8,18,50
1,2,8,18,51
1,2,8,18,53
1,2,8,18,54
1,2,8,19,22
1,2,8,19,23
1,2,8,19,24
1,2,8,19,26
1,2,8,19,27
1,2,8,19,28
1,2,8,19,30
1,2,8,19,31
1,2,8,19,33
1,2,8,19,34
1,2,8,19,37
1,2,8,19,38
1,2,8,19,40
1,2,8,19,41
1,2,8,19,43
1,2,8,19,44
1,2,8,19,47
1,2,8,19,49
1,2,8,19,50
1,2,8,19,53
1,2,8,22,24
1,2,8,22,26
1,2,8,22,27
1,2,8,22,28
1,2,8,22,30
1,2,8,22,31
1,2,8,22,33
1,2,8,22,34
1,2,8,22,37
1,2,8,22,38
1,2,8,22,40
1,2,8,22,41
1,2,8,22,43
1,2,8,22,44
1,2,8,22,47
1,2,8,22,49
1,2,8,22,50
1,2,8,22,53
1,2,8,23,26
1,2,8,23,27
1,2,8,23,28
1,2,8,23,30
1,2,8,23,31
1,2,8,23,33
1,2,8,23,34
1,2,8,23,37
1,2,8,23,38
1,2,8,23,40
1,2,8,23,41
1,2,8,23,43
1,2,8,23,44
1,2,8,23,47
1,2,8,23,49
1,2,8,23,50
1,2,8,23,53
1,2,8,24,25
1,2,8,24,26
1,2,8,24,27
1,2,8,24,28
1,2,8,24,29
1,2,8,24,30
1,2,8,24,31
1,2,8,24,32
1,2,8,24,33
1,2,8,24,34
1,2,8,24,35
1,2,8,24,37
1,2,8,24,38
1,2,8,24,39
1,2,8,24,40
1,2,8,24,41
1,2,8,24,42
1,2,8,24,43
1,2,8,24,44
1,2,8,24,45
1,2,8,24,47
1,2,8,24,48
1,2,8,24,49
1,2,8,24,50
1,2,8,24,51
1,2,8,24,53
1,2,8,24,54
1,2,8,26,27
1,2,8,26,28
1,2,8,26,30
1,2,8,26,31
1,2,8,26,33
1,2,8,26,34
1,2,8,26,37
1,2,8,26,38
1,2,8,26,40
1,2,8,26,41
1,2,8,26,43
1,2,8,26,44
1,2,8,26,47
1,2,8,26,49
1,2,8,26,50
1,2,8,26,53
1,2,8,27,28
1,2,8,27,30
1,2,8,27,31
1,2,8,27,33
1,2,8,27,34
1,2,8,27,37
1,2,8,27,38
1,2,8,27,40
1,2,8,27,41
1,2,8,27,43
1,2,8,27,44
1,2,8,27,47
1,2,8,27,49
1,2,8,27,50
1,2,8,27,53
1,2,8,28,29
1,2,8,28,30
1,2,8,28,31
1,2,8,28,32
1,2,8,28,33
1,2,8,28,34
1,2,8,28,35
1,2,8,28,37
1,2,8,28,38
1,2,8,28,39
1,2,8,28,40
1,2,8,28,41
1,2,8,28,42
1,2,8,28,43
1,2,8,28,44
1,2,8,28,45
1,2,8,28,47
1,2,8,28,48
1,2,8,28,49
1,2,8,28,50
1,2,8,28,51
1,2,8,28,53
1,2,8,28,54
1,2,8,30,31
1,2,8,30,33
1,2,8,30,34
1,2,8,30,37
1,2,8,30,38
1,2,8,30,40
1,2,8,30,41
1,2,8,30,43
1,2,8,30,44
1,2,8,30,47
1,2,8,30,49
1,2,8,30,50
1,2,8,30,53
1,2,8,31,32
1,2,8,31,33
1,2,8,31,34
1,2,8,31,35
1,2,8,31,37
1,2,8,31,38
1,2,8,31,39
1,2,8,31,40
1,2,8,31,41
1,2,8,31,42
1,2,8,31,43
1,2,8,31,44
1,2,8,31,45
1,2,8,31,47
1,2,8,31,48
1,2,8,31,49
1,2,8,31,50
1,2,8,31,51
1,2,8,31,53
1,2,8,31,54
1,2,8,33,34
1,2,8,33,35
1,2,8,33,37
1,2,8,33,38
1,2,8,33,39
1,2,8,33,40
1,2,8,33,41
1,2,8,33,42
1,2,8,33,43
1,2,8,33,44
1,2,8,33,45
1,2,8,33,47
1,2,8,33,48
1,2,8,33,49
1,2,8,33,50
1,2,8,33,51
1,2,8,33,53
1,2,8,33,54
1,2,8,34,37
1,2,8,34,38
1,2,8,34,40
1,2,8,34,41
1,2,8,34,43
1,2,8,34,44
1,2,8,34,47
1,2,8,34,49
1,2,8,34,50
1,2,8,34,53
1,2,8,37,38
1,2,8,37,40
1,2,8,37,41
1,2,8,37,43
1,2,8,37,44
1,2,8,37,47
1,2,8,37,49
1,2,8,37,50
1,2,8,37,53
1,2,8,38,39
1,2,8,38,40
1,2,8,38,41
1,2,8,38,42
1,2,8,38,43
1,2,8,38,44
1,2,8,38,45
1,2,8,38,47
1,2,8,38,48
1,2,8,38,49
1,2,8,38,50
1,2,8,38,51
1,2,8,38,53
1,2,8,38,54
1,2,8,40,41
1,2,8,40,43
1,2,8,40,44
1,2,8,40,47
1,2,8,40,49
1,2,8,40,50
1,2,8,40,53
1,2,8,41,42
1,2,8,41,43
1,2,8,41,44
1,2,8,41,45
1,2,8,41,47
1,2,8,41,48
1,2,8,41,49
1,2,8,41,50
1,2,8,41,51
1,2,8,41,53
1,2,8,41,54
1,2,8,43,44
1,2,8,43,45
1,2,8,43,47
1,2,8,43,48
1,2,8,43,49
1,2,8,43,50
1,2,8,43,51
1,2,8,43,53
1,2,8,43,54
1,2,8,44,47
1,2,8,44,49
1,2,8,44,50
1,2,8,44,53
1,2,8,47,48
1,2,8,47,49
1,2,8,47,50
1,2,8,47,51
1,2,8,47,53
1,2,8,47,54
1,2,8,49,50
1,2,8,49,51
1,2,8,49,53
1,2,8,49,54
1,2,8,50,53
1,2,8,53,54
1,2,15,16,17
1,2,15,16,18
1,2,15,16,19
1,2,15,16,20
1,2,15,16,22
1,2,15,16,23
1,2,15,16,24
1,2,15,16,25
1,2,15,16,27
1,2,15,16,28
1,2,15,16,29
1,2,15,16,31
1,2,15,16,32
1,2,15,16,33
1,2,15,16,34
1,2,15,16,35
1,2,15,16,49
1,2,15,16,50
1,2,15,16,51
1,2,15,16,53
1,2,15,16,54
1,2,15,18,20
1,2,15,18,22
1,2,15,18,23
1,2,15,18,25
1,2,15,18,27
1,2,15,18,29
1,2,15,18,30
1,2,15,18,31
1,2,15,18,32
1,2,15,18,35
1,2,15,18,47
1,2,15,18,48
1,2,15,18,50
1,2,15,18,51
1,2,15,19,22
1,2,15,19,23
1,2,15,19,24
1,2,15,19,27
1,2,15,19,28
1,2,15,19,30
1,2,15,19,31
1,2,15,19,33
1,2,15,19,34
1,2,15,19,47
1,2,15,19,49
1,2,15,19,50
1,2,15,19,53
1,2,15,22,23
1,2,15,22,24
1,2,15,22,26
1,2,15,22,27
1,2,15,22,28
1,2,15,22,30
1,2,15,22,31
1,2,15,22,33
1,2,15,22,34
1,2,15,22,37
1,2,15,22,38
1,2,15,22,40
1,2,15,22,41
1,2,15,22,43
1,2,15,22,44
1,2,15,22,47
1,2,15,22,49
1,2,15,22,50
1,2,15,22,53
1,2,15,23,24
1,2,15,23,27
1,2,15,23,28
1,2,15,23,31
1,2,15,23,33
1,2,15,23,34
1,2,15,23,37
1,2,15,23,38
1,2,15,23,41
1,2,15,23,43
1,2,15,23,44
1,2,15,23,49
1,2,15,23,50
1,2,15,23,53
1,2,15,24,25
1,2,15,24,27
1,2,15,24,28
1,2,15,24,29
1,2,15,24,30
1,2,15,24,31
1,2,15,24,32
1,2,15,24,33
1,2,15,24,34
1,2,15,24,35
1,2,15,24,38
1,2,15,24,39
1,2,15,24,40
1,2,15,24,41
1,2,15,24,42
1,2,15,24,43
1,2,15,24,44
1,2,15,24,45
1,2,15,24,47
1,2,15,24,48
1,2,15,24,49
1,2,15,24,50
1,2,15,24,51
1,2,15,24,53
1,2,15,24,54
1,2,15,27,28
1,2,15,27,31
1,2,15,27,33
1,2,15,27,34
1,2,15,27,47
1,2,15,27,49
1,2,15,27,50
1,2,15,27,53
1,2,15,28,29
1,2,15,28,30
1,2,15,28,31
1,2,15,28,32
1,2,15,28,33
1,2,15,28,34
1,2,15,28,35
1,2,15,28,47
1,2,15,28,48
1,2,15,28,49
1,2,15,28,50
1,2,15,28,51
1,2,15,28,53
1,2,15,28,54
1,2,15,30,33
1,2,15,30,34
1,2,15,30,41
1,2,15,30,43
1,2,15,30,44
1,2,15,30,50
1,2,15,30,53
1,2,15,31,32
1,2,15,31,33
1,2,15,31,34
1,2,15,31,35
1,2,15,31,41
1,2,15,31,42
1,2,15,31,43
1,2,15,31,44
1,2,15,31,45
1,2,15,31,48
1,2,15,31,49
1,2,15,31,50
1,2,15,31,51
1,2,15,31,53
1,2,15,31,54
1,2,15,33,34
1,2,15,33,35
1,2,15,33,43
1,2,15,33,44
1,2,15,33,45
1,2,15,33,47
1,2,15,33,48
1,2,15,33,49
1,2,15,33,50
1,2,15,33,51
1,2,15,33,53
1,2,15,33,54
1,2,15,34,44
1,2,15,34,47
1,2,15,34,49
1,2,15,34,50
1,2,15,34,53
1,2,15,47,53
1,2,15,47,54
1,2,15,49,50
1,2,15,49,51
1,2,15,49,53
1,2,15,49,54
1,2,15,50,53
1,2,15,53,54
1,2,16,17,19
1,2,16,17,22
1,2,16,17,23
1,2,16,17,24
1,2,16,17,27
1,2,16,17,28
1,2,16,17,30
1,2,16,17,31
1,2,16,17,33
1,2,16,17,34
1,2,16,17,47
1,2,16,17,49
1,2,16,17,50
1,2,16,17,53
1,2,16,22,26
1,2,16,22,27
1,2,16,22,29
1,2,16,22,30
1,2,16,22,31
1,2,16,22,32
1,2,16,22,35
1,2,16,22,37
1,2,16,22,39
1,2,16,22,40
1,2,16,22,41
1,2,16,22,42
1,2,16,22,45
1,2,16,22,47
1,2,16,22,48
1,2,16,22,50
1,2,16,22,51
1,2,16,23,27
1,2,16,23,28
1,2,16,23,29
1,2,16,23,30
1,2,16,23,31
1,2,16,23,32
1,2,16,23,33
1,2,16,23,34
1,2,16,23,35
1,2,16,23,37
1,2,16,23,38
1,2,16,23,39
1,2,16,23,40
1,2,16,23,41
1,2,16,23,42
1,2,16,23,43
1,2,16,23,44
1,2,16,23,45
1,2,16,23,47
1,2,16,23,48
1,2,16,23,49
1,2,16,23,50
1,2,16,23,51
1,2,16,23,53
1,2,16,23,54
1,2,16,25,27
1,2,16,25,29
1,2,16,25,30
1,2,16,25,31
1,2,16,25,32
1,2,16,25,35
1,2,16,25,39
1,2,16,25,40
1,2,16,25,41
1,2,16,25,42
1,2,16,25,45
1,2,16,25,47
1,2,16,25,48
1,2,16,25,50
1,2,16,25,51
1,2,16,27,28
1,2,16,27,29
1,2,16,27,30
1,2,16,27,31
1,2,16,27,32
1,2,16,27,33
1,2,16,27,34
1,2,16,27,35
1,2,16,27,47
1,2,16,27,48
1,2,16,27,49
1,2,16,27,50
1,2,16,27,51
1,2,16,27,53
1,2,16,27,54
1,2,16,29,30
1,2,16,29,31
1,2,16,29,32
1,2,16,29,35
1,2,16,29,47
1,2,16,29,48
1,2,16,29,50
1,2,16,29,51
1,2,16,30,31
1,2,16,30,32
1,2,16,30,33
1,2,16,30,34
1,2,16,30,35
1,2,16,30,40
1,2,16,30,41
1,2,16,30,42
1,2,16,30,43
1,2,16,30,44
1,2,16,30,45
1,2,16,30,48
1,2,16,30,49
1,2,16,30,50
1,2,16,30,51
1,2,16,30,53
1,2,16,30,54
1,2,16,31,32
1,2,16,31,35
1,2,16,31,41
1,2,16,31,42
1,2,16,31,45
1,2,16,31,47
1,2,16,31,48
1,2,16,31,50
1,2,16,31,51
1,2,16,32,34
1,2,16,32,35
1,2,16,32,42
1,2,16,32,44
1,2,16,32,45
1,2,16,32,47
1,2,16,32,48
1,2,16,32,49
1,2,16,32,50
1,2,16,32,51
1,2,16,32,53
1,2,16,32,54
1,2,16,35,45
1,2,16,35,47
1,2,16,35,48
1,2,16,35,50
1,2,16,35,51
1,2,16,47,49
1,2,16,47,50
1,2,16,47,51
1,2,16,47,53
1,2,16,47,54
1,2,16,48,50
1,2,16,48,51
1,2,16,48,53
1,2,16,48,54
1,2,16,50,51
1,2,16,51,54
1,2,22,26,27
1,2,22,26,30
1,2,22,26,31
1,2,22,26,47
1,2,22,26,50
1,2,22,27,28
1,2,22,27,30
1,2,22,27,31
1,2,22,27,33
1,2,22,27,34
1,2,22,27,37
1,2,22,27,38
1,2,22,27,40
1,2,22,27,41
1,2,22,27,43
1,2,22,27,44
1,2,22,27,47
1,2,22,27,49
1,2,22,27,50
1,2,22,27,53
1,2,22,30,31
1,2,22,30,33
1,2,22,30,34
1,2,22,30,37
1,2,22,30,38
1,2,22,30,40
1,2,22,30,41
1,2,22,30,43
1,2,22,30,44
1,2,22,30,47
1,2,22,30,49
1,2,22,30,50
1,2,22,30,53
1,2,22,31,32
1,2,22,31,37
1,2,22,31,39
1,2,22,31,40
1,2,22,31,41
1,2,22,31,42
1,2,22,31,45
1,2,22,31,47
1,2,22,31,48
1,2,22,31,50
1,2,22,31,51
1,2,22,37,40
1,2,22,37,41
1,2,22,37,43
1,2,22,37,44
1,2,22,37,47
1,2,22,37,49
1,2,22,37,50
1,2,22,37,53
1,2,22,40,41
1,2,22,40,43
1,2,22,40,44
1,2,22,40,47
1,2,22,40,49
1,2,22,40,50
1,2,22,40,53
1,2,22,41,42
1,2,22,41,47
1,2,22,41,48
1,2,22,41,50
1,2,22,41,51
1,2,22,47,48
1,2,22,47,49
1,2,22,47,50
1,2,22,47,51
1,2,22,47,54
1,2,23,27,28
1,2,23,27,30
1,2,23,27,31
1,2,23,27,33
1,2,23,27,34
1,2,23,27,37
1,2,23,27,38
1,2,23,27,40
1,2,23,27,41
1,2,23,27,43
1,2,23,27,44
1,2,23,27,47
1,2,23,27,49
1,2,23,27,50
1,2,23,27,53
1,2,23,28,29
1,2,23,28,30
1,2,23,28,31
1,2,23,28,32
1,2,23,28,33
1,2,23,28,34
1,2,23,28,35
1,2,23,28,37
1,2,23,28,39
1,2,23,28,40
1,2,23,28,41
1,2,23,28,42
1,2,23,28,43
1,2,23,28,44
1,2,23,28,45
1,2,23,28,47
1,2,23,28,48
1,2,23,28,49
1,2,23,28,50
1,2,23,28,51
1,2,23,28,53
1,2,23,28,54
1,2,23,30,31
1,2,23,30,33
1,2,23,30,34
1,2,23,30,37
1,2,23,30,38
1,2,23,30,41
1,2,23,30,43
1,2,23,30,44
1,2,23,30,49
1,2,23,30,50
1,2,23,30,53
1,2,23,31,32
1,2,23,31,33
1,2,23,31,34
1,2,23,31,35
1,2,23,31,37
1,2,23,31,38
1,2,23,31,39
1,2,23,31,40
1,2,23,31,41
1,2,23,31,42
1,2,23,31,43
1,2,23,31,44
1,2,23,31,45
1,2,23,31,47
1,2,23,31,48
1,2,23,31,49
1,2,23,31,50
1,2,23,31,51
1,2,23,31,53
1,2,23,31,54
1,2,23,33,34
1,2,23,33,35
1,2,23,33,37
1,2,23,33,38
1,2,23,33,39
1,2,23,33,40
1,2,23,33,41
1,2,23,33,42
1,2,23,33,43
1,2,23,33,44
1,2,23,33,45
1,2,23,33,47
1,2,23,33,48
1,2,23,33,50
1,2,23,33,51
1,2,23,33,53
1,2,23,33,54
1,2,23,34,37
1,2,23,34,38
1,2,23,34,40
1,2,23,34,41
1,2,23,34,43
1,2,23,34,44
1,2,23,34,47
1,2,23,34,49
1,2,23,34,50
1,2,23,34,53
1,2,23,37,47
1,2,23,37,49
1,2,23,37,50
1,2,23,37,53
1,2,23,38,47
1,2,23,38,48
1,2,23,38,50
1,2,23,38,51
1,2,23,40,41
1,2,23,40,43
1,2,23,40,44
1,2,23,40,49
1,2,23,40,50
1,2,23,40,53
1,2,23,41,42
1,2,23,41,43
1,2,23,41,44
1,2,23,41,45
1,2,23,41,47
1,2,23,41,48
1,2,23,41,49
1,2,23,41,50
1,2,23,41,51
1,2,23,41,53
1,2,23,41,54
1,2,23,43,44
1,2,23,43,45
1,2,23,43,47
1,2,23,43,48
1,2,23,43,49
1,2,23,43,50
1,2,23,43,51
1,2,23,43,53
1,2,23,43,54
1,2,23,44,47
1,2,23,44,49
1,2,23,44,50
1,2,23,44,53
1,2,23,47,49
1,2,23,47,50
1,2,23,47,51
1,2,23,47,53
1,2,23,47,54
1,2,23,49,50
1,2,23,49,51
1,2,23,49,53
1,2,23,49,54
1,2,23,50,53
1,2,23,53,54
1,2,27,28,29
1,2,27,28,30
1,2,27,28,31
1,2,27,28,32
1,2,27,28,35
1,2,27,28,47
1,2,27,28,48
1,2,27,28,50
1,2,27,28,51
1,2,27,30,31
1,2,27,30,33
1,2,27,30,34
1,2,27,30,41
1,2,27,30,43
1,2,27,30,44
1,2,27,30,49
1,2,27,30,50
1,2,27,30,53
1,2,27,31,32
1,2,27,31,33
1,2,27,31,34
1,2,27,31,35
1,2,27,31,41
1,2,27,31,42
1,2,27,31,43
1,2,27,31,44
1,2,27,31,45
1,2,27,31,47
1,2,27,31,48
1,2,27,31,49
1,2,27,31,50
1,2,27,31,51
1,2,27,31,53
1,2,27,31,54
1,2,27,33,34
1,2,27,33,35
1,2,27,33,43
1,2,27,33,44
1,2,27,33,45
1,2,27,33,47
1,2,27,33,48
1,2,27,33,49
1,2,27,33,50
1,2,27,33,51
1,2,27,33,53
1,2,27,33,54
1,2,27,34,44
1,2,27,34,47
1,2,27,34,49
1,2,27,34,50
1,2,27,34,53
1,2,27,47,49
1,2,27,47,50
1,2,27,47,51
1,2,27,47,53
1,2,27,47,54
1,2,27,49,50
1,2,27,49,51
1,2,27,49,53
1,2,27,49,54
1,2,27,50,53
1,2,27,53,54
1,2,30,31,32
1,2,30,31,33
1,2,30,31,34
1,2,30,31,35
1,2,30,31,41
1,2,30,31,42
1,2,30,31,43
1,2,30,31,44
1,2,30,31,45
1,2,30,31,49
1,2,30,31,50
1,2,30,31,51
1,2,30,31,53
1,2,30,31,54
1,2,30,33,35
1,2,30,33,40
1,2,30,33,41
1,2,30,33,42
1,2,30,33,45
1,2,30,33,48
1,2,30,33,50
1,2,30,33,51
1,2,30,34,40
1,2,30,34,41
1,2,30,34,43
1,2,30,34,44
1,2,30,34,49
1,2,30,34,50
1,2,30,34,53
1,2,30,40,53
1,2,30,41,42
1,2,30,41,44
1,2,30,41,49
1,2,30,41,50
1,2,30,41,51
1,2,30,41,53
1,2,30,41,54
1,2,30,43,48
1,2,30,43,50
1,2,30,43,51
1,2,30,44,47
1,2,30,44,49
1,2,30,44,50
1,2,30,44,53
1,2,30,49,50
1,2,30,49,51
1,2,30,49,54
1,2,30,50,53
1,2,30,53,54
1,2,31,32,34
1,2,31,32,41
1,2,31,32,44
1,2,31,32,47
1,2,31,32,49
1,2,31,32,50
1,2,31,32,53
1,2,31,41,47
1,2,31,41,48
1,2,31,41,50
1,2,31,41,51
1,2,31,42,47
1,2,31,42,49
1,2,31,42,50
1,2,31,42,53
1,2,31,47,49
1,2,31,47,50
1,2,31,47,51
1,2,31,47,53
1,2,31,47,54
1,2,31,48,50
1,2,31,48,51
1,2,31,48,53
1,2,31,48,54
1,2,31,50,51
1,2,47,49,50
1,2,47,49,51
1,2,47,50,51
1,2,47,50,54
1,2,47,51,53
1,6,7,8,9
1,6,7,8,11
1,6,7,8,12
1,6,7,8,13
1,6,7,8,18
1,6,7,8,19
1,6,7,8,37
1,6,7,8,38
1,6,7,8,41
1,6,7,8,43
1,6,7,8,44
1,6,7,8,53
1,6,7,11,12
1,6,7,11,15
1,6,7,11,16
1,6,7,11,27
1,6,7,11,30
1,6,7,11,31
1,6,7,11,40
1,6,7,11,41
1,6,7,11,47
1,6,7,11,50
1,6,7,12,13
1,6,7,12,15
1,6,7,12,16
1,6,7,12,18
1,6,7,12,19
1,6,7,12,27
1,6,7,12,28
1,6,7,12,30
1,6,7,12,31
1,6,7,12,33
1,6,7,12,34
1,6,7,12,37
1,6,7,12,38
1,6,7,12,40
1,6,7,12,41
1,6,7,12,43
1,6,7,12,44
1,6,7,12,47
1,6,7,12,49
1,6,7,12,50
1,6,7,12,53
1,6,7,15,16
1,6,7,15,18
1,6,7,15,19
1,6,7,15,31
1,6,7,15,33
1,6,7,15,34
1,6,7,15,37
1,6,7,15,38
1,6,7,15,41
1,6,7,15,43
1,6,7,15,44
1,6,7,15,49
1,6,7,15,50
1,6,7,15,53
1,6,7,16,17
1,6,7,16,31
1,6,7,16,32
1,6,7,16,37
1,6,7,16,39
1,6,7,16,40
1,6,7,16,41
1,6,7,16,42
1,6,7,16,45
1,6,7,16,47
1,6,7,16,48
1,6,7,16,50
1,6,7,16,51
1,6,7,37,40
1,6,7,37,41
1,6,7,37,43
1,6,7,37,44
1,6,7,37,47
1,6,7,37,49
1,6,7,37,50
1,6,7,37,53
1,6,7,40,41
1,6,7,40,43
1,6,7,40,44
1,6,7,40,49
1,6,7,40,50
1,6,7,40,53
1,6,7,41,42
1,6,7,41,47
1,6,7,41,48
1,6,7,41,50
1,6,7,41,51
1,6,7,47,49
1,6,7,47,50
1,6,7,47,51
1,6,7,47,54
1,6,11,12,13
1,6,11,12,15
1,6,11,12,16
1,6,11,12,18
1,6,11,12,19
1,6,11,12,27
1,6,11,12,28
1,6,11,12,30
1,6,11,12,31
1,6,11,12,33
1,6,11,12,34
1,6,11,12,40
1,6,11,12,41
1,6,11,12,43
1,6,11,12,44
1,6,11,12,47
1,6,11,12,49
1,6,11,12,50
1,6,11,12,53
1,6,11,15,18
1,6,11,15,19
1,6,11,15,27
1,6,11,15,28
1,6,11,15,33
1,6,11,15,34
1,6,11,15,41
1,6,11,15,43
1,6,11,15,44
1,6,11,15,53
1,6,11,16,17
1,6,11,16,27
1,6,11,16,29
1,6,11,16,30
1,6,11,16,31
1,6,11,16,32
1,6,11,16,35
1,6,11,16,40
1,6,11,16,41
1,6,11,16,42
1,6,11,16,45
1,6,11,16,47
1,6,11,16,48
1,6,11,16,50
1,6,11,16,51
1,6,11,27,28
1,6,11,27,31
1,6,11,27,34
1,6,11,27,40
1,6,11,27,41
1,6,11,27,43
1,6,11,27,44
1,6,11,27,47
1,6,11,27,49
1,6,11,27,50
1,6,11,27,53
1,6,11,30,41
1,6,11,30,43
1,6,11,30,44
1,6,11,30,53
1,6,11,31,32
1,6,11,31,40
1,6,11,31,41
1,6,11,31,42
1,6,11,31,45
1,6,11,31,47
1,6,11,31,48
1,6,11,31,50
1,6,11,31,51
1,6,11,40,41
1,6,11,40,43
1,6,11,40,44
1,6,11,40,49
1,6,11,40,50
1,6,11,40,53
1,6,11,41,42
1,6,11,41,47
1,6,11,41,48
1,6,11,41,50
1,6,11,41,51
1,6,11,47,49
1,6,11,47,50
1,6,11,47,51
1,6,11,47,54
1,6,12,13,14
1,6,12,13,16
1,6,12,13,17
1,6,12,13,27
1,6,12,13,29
1,6,12,13,31
1,6,12,13,32
1,6,12,13,37
1,6,12,13,39
1,6,12,13,40
1,6,12,13,41
1,6,12,13,42
1,6,12,13,45
1,6,12,13,47
1,6,12,13,48
1,6,12,13,50
1,6,12,13,51
1,6,12,19,27
1,6,12,19,28
1,6,12,19,37
1,6,12,19,38
1,6,12,19,41
1,6,12,27,37
1,6,12,27,38
1,6,12,27,41
1,6,12,27,43
1,6,12,27,44
1,6,12,27,53
1,6,12,28,37
1,6,12,28,39
1,6,12,28,40
1,6,12,28,41
1,6,12,28,42
1,6,12,28,45
1,6,12,28,47
1,6,12,28,48
1,6,12,28,50
1,6,12,28,51
1,6,12,34,37
1,6,12,34,38
1,6,12,34,41
1,6,12,37,41
1,6,12,37,43
1,6,12,37,44
1,6,12,37,47
1,6,12,37,49
1,6,12,37,50
1,6,12,37,53
1,6,12,38,41
1,6,12,38,42
1,6,12,38,43
1,6,12,38,44
1,6,12,38,45
1,6,12,38,47
1,6,12,38,48
1,6,12,38,49
1,6,12,38,50
1,6,12,38,51
1,6,12,38,53
1,6,12,38,54
1,6,12,41,42
1,6,12,41,43
1,6,12,41,44
1,6,12,41,45
1,6,12,41,53
1,6,12,41,54
1,6,12,43,44
1,6,12,43,45
1,6,12,43,50
1,6,12,43,51
1,6,12,43,54
1,6,12,44,50
1,6,12,44,53
1,6,12,53,54
1,6,37,40,53
1,6,37,41,42
1,6,37,41,43
1,6,37,41,44
1,6,37,41,45
1,6,37,41,48
1,6,37,41,49
1,6,37,41,50
1,6,37,41,51
1,6,37,41,53
1,6,37,41,54
1,6,37,43,45
1,6,37,43,47
1,6,37,43,48
1,6,37,43,50
1,6,37,43,51
1,6,37,44,49
1,6,37,44,50
1,6,37,49,51
1,6,41,42,44
1,7,8,9,10
1,7,8,9,11
1,7,8,9,12
1,7,8,9,14
1,7,8,9,20
1,7,8,9,22
1,7,8,9,25
1,7,8,9,26
1,7,8,9,27
1,7,8,9,29
1,7,8,9,35
1,7,8,9,37
1,7,8,9,39
1,7,8,9,41
1,7,8,9,42
1,7,8,9,45
1,7,8,11,12
1,7,8,11,13
1,7,8,11,15
1,7,8,11,16
1,7,8,11,18
1,7,8,11,19
1,7,8,11,22
1,7,8,11,23
1,7,8,11,24
1,7,8,11,27
1,7,8,11,28
1,7,8,11,30
1,7,8,11,31
1,7,8,11,33
1,7,8,11,34
1,7,8,11,40
1,7,8,11,41
1,7,8,11,43
1,7,8,11,44
1,7,8,11,47
1,7,8,11,49
1,7,8,11,50
1,7,8,11,53
1,7,8,12,13
1,7,8,12,18
1,7,8,12,19
1,7,8,12,22
1,7,8,12,24
1,7,8,12,26
1,7,8,12,27
1,7,8,12,28
1,7,8,12,33
1,7,8,12,34
1,7,8,12,37
1,7,8,12,38
1,7,8,12,41
1,7,8,12,43
1,7,8,12,44
1,7,8,12,53
1,7,8,13,14
1,7,8,13,16
1,7,8,13,17
1,7,8,13,18
1,7,8,13,19
1,7,8,13,20
1,7,8,13,22
1,7,8,13,23
1,7,8,13,24
1,7,8,13,25
1,7,8,13,26
1,7,8,13,27
1,7,8,13,28
1,7,8,13,29
1,7,8,13,30
1,7,8,13,31
1,7,8,13,32
1,7,8,13,33
1,7,8,13,34
1,7,8,13,35
1,7,8,13,37
1,7,8,13,38
1,7,8,13,39
1,7,8,13,40
1,7,8,13,41
1,7,8,13,42
1,7,8,13,43
1,7,8,13,44
1,7,8,13,45
1,7,8,13,47
1,7,8,13,48
1,7,8,13,49
1,7,8,13,50
1,7,8,13,51
1,7,8,13,53
1,7,8,13,54
1,7,8,18,19
1,7,8,18,20
1,7,8,18,22
1,7,8,18,24
1,7,8,18,25
1,7,8,18,26
1,7,8,18,27
1,7,8,18,28
1,7,8,18,29
1,7,8,18,34
1,7,8,18,35
1,7,8,18,37
1,7,8,18,38
1,7,8,18,39
1,7,8,18,41
1,7,8,18,42
1,7,8,18,44
1,7,8,18,45
1,7,8,18,54
1,7,8,19,22
1,7,8,19,24
1,7,8,19,26
1,7,8,19,27
1,7,8,19,28
1,7,8,19,33
1,7,8,19,34
1,7,8,19,37
1,7,8,19,38
1,7,8,19,41
1,7,8,19,43
1,7,8,19,44
1,7,8,19,53
1,7,8,22,30
1,7,8,22,31
1,7,8,22,33
1,7,8,22,34
1,7,8,22,37
1,7,8,22,38
1,7,8,22,40
1,7,8,22,41
1,7,8,22,43
1,7,8,22,44
1,7,8,22,47
1,7,8,22,49
1,7,8,22,50
1,7,8,22,53
1,7,8,24,26
1,7,8,24,27
1,7,8,24,28
1,7,8,24,29
1,7,8,24,34
1,7,8,24,35
1,7,8,24,37
1,7,8,24,38
1,7,8,24,39
1,7,8,24,41
1,7,8,24,42
1,7,8,24,43
1,7,8,24,44
1,7,8,24,45
1,7,8,24,53
1,7,8,24,54
1,7,8,26,27
1,7,8,26,28
1,7,8,26,30
1,7,8,26,31
1,7,8,26,33
1,7,8,26,34
1,7,8,26,40
1,7,8,26,41
1,7,8,26,43
1,7,8,26,44
1,7,8,26,47
1,7,8,26,49
1,7,8,26,50
1,7,8,26,53
1,7,8,27,28
1,7,8,27,33
1,7,8,27,34
1,7,8,27,37
1,7,8,27,38
1,7,8,27,41
1,7,8,27,43
1,7,8,27,44
1,7,8,27,53
1,7,8,28,29
1,7,8,28,31
1,7,8,28,32
1,7,8,28,33
1,7,8,28,34
1,7,8,28,35
1,7,8,28,37
1,7,8,28,38
1,7,8,28,39
1,7,8,28,40
1,7,8,28,41
1,7,8,28,42
1,7,8,28,43
1,7,8,28,44
1,7,8,28,45
1,7,8,28,47
1,7,8,28,48
1,7,8,28,49
1,7,8,28,50
1,7,8,28,51
1,7,8,28,53
1,7,8,28,54
1,7,8,33,34
1,7,8,33,35
1,7,8,33,37
1,7,8,33,38
1,7,8,33,39
1,7,8,33,41
1,7,8,33,42
1,7,8,33,44
1,7,8,33,45
1,7,8,33,54
1,7,8,34,37
1,7,8,34,38
1,7,8,34,41
1,7,8,34,43
1,7,8,34,44
1,7,8,34,53
1,7,8,37,41
1,7,8,37,43
1,7,8,37,44
1,7,8,37,47
1,7,8,37,49
1,7,8,37,50
1,7,8,37,53
1,7,8,38,41
1,7,8,38,42
1,7,8,38,44
1,7,8,38,45
1,7,8,38,47
1,7,8,38,48
1,7,8,38,49
1,7,8,38,50
1,7,8,38,51
1,7,8,38,53
1,7,8,38,54
1,7,8,41,42
1,7,8,41,43
1,7,8,41,44
1,7,8,41,45
1,7,8,41,53
1,7,8,41,54
1,7,8,43,44
1,7,8,43,45
1,7,8,43,50
1,7,8,43,51
1,7,8,43,54
1,7,8,44,50
1,7,8,44,53
1,7,11,15,16
1,7,11,15,18
1,7,11,15,19
1,7,11,15,22
1,7,11,15,23
1,7,11,15,24
1,7,11,15,27
1,7,11,15,28
1,7,11,15,31
1,7,11,15,33
1,7,11,15,34
1,7,11,15,41
1,7,11,15,43
1,7,11,15,44
1,7,11,15,49
1,7,11,15,50
1,7,11,15,53
1,7,11,16,17
1,7,11,16,22
1,7,11,16,23
1,7,11,16,25
1,7,11,16,27
1,7,11,16,29
1,7,11,16,30
1,7,11,16,31
1,7,11,16,32
1,7,11,16,35
1,7,11,16,40
1,7,11,16,41
1,7,11,16,42
1,7,11,16,45
1,7,11,16,47
1,7,11,16,48
1,7,11,16,50
1,7,11,16,51
1,7,11,22,47
1,7,11,22,50
1,7,11,23,27
1,7,11,23,28
1,7,11,23,31
1,7,11,23,33
1,7,11,23,34
1,7,11,23,40
1,7,11,23,41
1,7,11,23,43
1,7,11,23,44
1,7,11,23,47
1,7,11,23,49
1,7,11,23,50
1,7,11,23,53
1,7,11,27,28
1,7,11,27,30
1,7,11,27,31
1,7,11,27,33
1,7,11,27,34
1,7,11,27,40
1,7,11,27,41
1,7,11,27,43
1,7,11,27,44
1,7,11,27,47
1,7,11,27,49
1,7,11,27,50
1,7,11,27,53
1,7,11,30,31
1,7,11,30,33
1,7,11,30,34
1,7,11,30,41
1,7,11,30,43
1,7,11,30,44
1,7,11,30,49
1,7,11,30,50
1,7,11,30,53
1,7,11,31,32
1,7,11,31,40
1,7,11,31,41
1,7,11,31,42
1,7,11,31,45
1,7,11,31,47
1,7,11,31,48
1,7,11,31,50
1,7,11,31,51
1,7,11,40,41
1,7,11,40,43
1,7,11,40,44
1,7,11,40,49
1,7,11,40,50
1,7,11,40,53
1,7,11,41,42
1,7,11,41,47
1,7,11,41,48
1,7,11,41,50
1,7,11,41,51
1,7,11,47,50
1,7,11,47,51
1,7,11,47,54
1,7,12,13,14
1,7,12,13,15
1,7,12,13,16
1,7,12,13,17
1,7,12,13,20
1,7,12,13,23
1,7,12,13,25
1,7,12,13,26
1,7,12,13,27
1,7,12,13,29
1,7,12,13,30
1,7,12,13,31
1,7,12,13,32
1,7,12,13,35
1,7,12,13,37
1,7,12,13,39
1,7,12,13,40
1,7,12,13,41
1,7,12,13,42
1,7,12,13,45
1,7,12,13,47
1,7,12,13,48
1,7,12,13,50
1,7,12,13,51
1,7,12,15,18
1,7,12,15,19
1,7,12,15,23
1,7,12,15,24
1,7,12,15,26
1,7,12,15,27
1,7,12,15,28
1,7,12,15,31
1,7,12,15,33
1,7,12,15,34
1,7,12,15,38
1,7,12,15,41
1,7,12,15,43
1,7,12,15,44
1,7,12,15,49
1,7,12,15,50
1,7,12,15,53
1,7,12,16,17
1,7,12,16,18
1,7,12,16,19
1,7,12,16,20
1,7,12,16,23
1,7,12,16,24
1,7,12,16,25
1,7,12,16,26
1,7,12,16,27
1,7,12,16,28
1,7,12,16,29
1,7,12,16,30
1,7,12,16,31
1,7,12,16,32
1,7,12,16,33
1,7,12,16,34
1,7,12,16,35
1,7,12,16,37
1,7,12,16,38
1,7,12,16,39
1,7,12,16,40
1,7,12,16,41
1,7,12,16,42
1,7,12,16,43
1,7,12,16,44
1,7,12,16,45
1,7,12,16,47
1,7,12,16,48
1,7,12,16,49
1,7,12,16,50
1,7,12,16,51
1,7,12,16,53
1,7,12,16,54
1,7,12,18,19
1,7,12,18,20
1,7,12,18,23
1,7,12,18,24
1,7,12,18,25
1,7,12,18,26
1,7,12,18,27
1,7,12,18,28
1,7,12,18,29
1,7,12,18,30
1,7,12,18,31
1,7,12,18,32
1,7,12,18,34
1,7,12,18,35
1,7,12,18,37
1,7,12,18,38
1,7,12,18,39
1,7,12,18,40
1,7,12,18,41
1,7,12,18,42
1,7,12,18,44
1,7,12,18,45
1,7,12,18,47
1,7,12,18,48
1,7,12,18,50
1,7,12,18,51
1,7,12,18,54
1,7,12,19,23
1,7,12,19,24
1,7,12,19,26
1,7,12,19,27
1,7,12,19,28
1,7,12,19,30
1,7,12,19,31
1,7,12,19,33
1,7,12,19,34
1,7,12,19,37
1,7,12,19,38
1,7,12,19,40
1,7,12,19,41
1,7,12,19,43
1,7,12,19,44
1,7,12,19,47
1,7,12,19,49
1,7,12,19,50
1,7,12,19,53
1,7,12,23,26
1,7,12,23,28
1,7,12,23,31
1,7,12,23,33
1,7,12,23,34
1,7,12,23,37
1,7,12,23,38
1,7,12,23,40
1,7,12,23,41
1,7,12,23,43
1,7,12,23,44
1,7,12,23,47
1,7,12,23,49
1,7,12,23,50
1,7,12,23,53
1,7,12,24,26
1,7,12,24,27
1,7,12,24,29
1,7,12,24,30
1,7,12,24,31
1,7,12,24,32
1,7,12,24,34
1,7,12,24,35
1,7,12,24,37
1,7,12,24,38
1,7,12,24,39
1,7,12,24,40
1,7,12,24,41
1,7,12,24,42
1,7,12,24,43
1,7,12,24,44
1,7,12,24,45
1,7,12,24,47
1,7,12,24,48
1,7,12,24,49
1,7,12,24,50
1,7,12,24,51
1,7,12,24,53
1,7,12,24,54
1,7,12,26,30
1,7,12,26,31
1,7,12,26,33
1,7,12,26,34
1,7,12,26,47
1,7,12,26,49
1,7,12,26,50
1,7,12,26,53
1,7,12,27,28
1,7,12,27,30
1,7,12,27,31
1,7,12,27,33
1,7,12,27,34
1,7,12,27,38
1,7,12,27,41
1,7,12,27,43
1,7,12,27,44
1,7,12,27,47
1,7,12,27,49
1,7,12,27,50
1,7,12,27,53
1,7,12,28,29
1,7,12,28,30
1,7,12,28,31
1,7,12,28,32
1,7,12,28,33
1,7,12,28,34
1,7,12,28,35
1,7,12,28,39
1,7,12,28,40
1,7,12,28,41
1,7,12,28,42
1,7,12,28,43
1,7,12,28,44
1,7,12,28,45
1,7,12,28,47
1,7,12,28,48
1,7,12,28,49
1,7,12,28,50
1,7,12,28,51
1,7,12,28,53
1,7,12,28,54
1,7,12,30,31
1,7,12,30,33
1,7,12,30,34
1,7,12,30,38
1,7,12,30,41
1,7,12,30,43
1,7,12,30,44
1,7,12,30,49
1,7,12,30,50
1,7,12,30,53
1,7,12,31,32
1,7,12,31,33
1,7,12,31,34
1,7,12,31,35
1,7,12,31,37
1,7,12,31,38
1,7,12,31,39
1,7,12,31,40
1,7,12,31,41
1,7,12,31,42
1,7,12,31,43
1,7,12,31,44
1,7,12,31,45
1,7,12,31,47
1,7,12,31,48
1,7,12,31,49
1,7,12,31,50
1,7,12,31,51
1,7,12,31,53
1,7,12,31,54
1,7,12,33,34
1,7,12,33,35
1,7,12,33,37
1,7,12,33,38
1,7,12,33,39
1,7,12,33,40
1,7,12,33,41
1,7,12,33,42
1,7,12,33,44
1,7,12,33,45
1,7,12,33,47
1,7,12,33,48
1,7,12,33,50
1,7,12,33,51
1,7,12,33,54
1,7,12,34,37
1,7,12,34,38
1,7,12,34,40
1,7,12,34,41
1,7,12,34,43
1,7,12,34,44
1,7,12,34,47
1,7,12,34,49
1,7,12,34,50
1,7,12,34,53
1,7,12,37,53
1,7,12,38,40
1,7,12,38,42
1,7,12,38,44
1,7,12,38,45
1,7,12,38,47
1,7,12,38,48
1,7,12,38,49
1,7,12,38,50
1,7,12,38,51
1,7,12,38,53
1,7,12,38,54
1,7,12,40,43
1,7,12,40,44
1,7,12,40,49
1,7,12,40,50
1,7,12,40,53
1,7,12,41,42
1,7,12,41,43
1,7,12,41,44
1,7,12,41,45
1,7,12,41,47
1,7,12,41,48
1,7,12,41,49
1,7,12,41,50
1,7,12,41,51
1,7,12,41,53
1,7,12,41,54
1,7,12,43,44
1,7,12,43,45
1,7,12,43,47
1,7,12,43,48
1,7,12,43,50
1,7,12,43,51
1,7,12,43,54
1,7,12,44,47
1,7,12,44,49
1,7,12,44,50
1,7,12,44,53
1,7,12,47,50
1,7,12,47,51
1,7,12,47,53
1,7,12,47,54
1,7,12,49,50
1,7,12,49,51
1,7,12,49,54
1,7,12,50,53
1,7,15,16,18
1,7,15,16,19
1,7,15,16,20
1,7,15,16,23
1,7,15,16,24
1,7,15,16,25
1,7,15,16,26
1,7,15,16,27
1,7,15,16,28
1,7,15,16,29
1,7,15,16,32
1,7,15,16,33
1,7,15,16,34
1,7,15,16,35
1,7,15,16,37
1,7,15,16,38
1,7,15,16,39
1,7,15,16,42
1,7,15,16,43
1,7,15,16,44
1,7,15,16,45
1,7,15,16,51
1,7,15,16,53
1,7,15,16,54
1,7,15,18,20
1,7,15,18,23
1,7,15,18,25
1,7,15,18,26
1,7,15,18,27
1,7,15,18,29
1,7,15,18,31
1,7,15,18,32
1,7,15,18,35
1,7,15,18,37
1,7,15,18,39
1,7,15,18,41
1,7,15,18,42
1,7,15,18,45
1,7,15,18,50
1,7,15,18,51
1,7,15,19,23
1,7,15,19,24
1,7,15,19,26
1,7,15,19,27
1,7,15,19,28
1,7,15,19,31
1,7,15,19,33
1,7,15,19,34
1,7,15,19,37
1,7,15,19,38
1,7,15,19,41
1,7,15,19,43
1,7,15,19,44
1,7,15,19,49
1,7,15,19,50
1,7,15,19,53
1,7,15,23,26
1,7,15,23,28
1,7,15,23,33
1,7,15,23,34
1,7,15,23,37
1,7,15,23,38
1,7,15,23,41
1,7,15,23,43
1,7,15,23,44
1,7,15,23,49
1,7,15,23,50
1,7,15,23,53
1,7,15,24,26
1,7,15,24,27
1,7,15,24,29
1,7,15,24,32
1,7,15,24,35
1,7,15,24,37
1,7,15,24,38
1,7,15,24,39
1,7,15,24,41
1,7,15,24,42
1,7,15,24,43
1,7,15,24,44
1,7,15,24,45
1,7,15,24,49
1,7,15,24,50
1,7,15,24,51
1,7,15,24,53
1,7,15,24,54
1,7,15,26,31
1,7,15,26,33
1,7,15,26,34
1,7,15,26,41
1,7,15,26,43
1,7,15,26,44
1,7,15,26,49
1,7,15,26,50
1,7,15,26,53
1,7,15,27,28
1,7,15,27,31
1,7,15,27,33
1,7,15,27,34
1,7,15,27,38
1,7,15,27,41
1,7,15,27,43
1,7,15,27,44
1,7,15,27,49
1,7,15,27,50
1,7,15,27,53
1,7,15,28,29
1,7,15,28,31
1,7,15,28,32
1,7,15,28,33
1,7,15,28,34
1,7,15,28,35
1,7,15,28,37
1,7,15,28,39
1,7,15,28,41
1,7,15,28,42
1,7,15,28,43
1,7,15,28,44
1,7,15,28,45
1,7,15,28,49
1,7,15,28,50
1,7,15,28,51
1,7,15,28,53
1,7,15,28,54
1,7,15,31,32
1,7,15,31,33
1,7,15,31,34
1,7,15,31,35
1,7,15,31,37
1,7,15,31,38
1,7,15,31,39
1,7,15,31,41
1,7,15,31,42
1,7,15,31,43
1,7,15,31,44
1,7,15,31,45
1,7,15,31,49
1,7,15,31,50
1,7,15,31,51
1,7,15,31,53
1,7,15,31,54
1,7,15,33,34
1,7,15,33,35
1,7,15,33,37
1,7,15,33,38
1,7,15,33,39
1,7,15,33,41
1,7,15,33,42
1,7,15,33,44
1,7,15,33,45
1,7,15,33,50
1,7,15,33,51
1,7,15,33,54
1,7,15,34,37
1,7,15,34,38
1,7,15,34,41
1,7,15,34,43
1,7,15,34,44
1,7,15,34,49
1,7,15,34,50
1,7,15,34,53
1,7,15,37,41
1,7,15,37,43
1,7,15,37,44
1,7,15,37,49
1,7,15,37,50
1,7,15,37,53
1,7,15,38,41
1,7,15,38,42
1,7,15,38,44
1,7,15,38,45
1,7,15,38,49
1,7,15,38,50
1,7,15,38,51
1,7,15,38,53
1,7,15,38,54
1,7,15,41,42
1,7,15,41,43
1,7,15,41,44
1,7,15,41,45
1,7,15,41,49
1,7,15,41,50
1,7,15,41,51
1,7,15,41,53
1,7,15,41,54
1,7,15,43,44
1,7,15,43,45
1,7,15,43,50
1,7,15,43,51
1,7,15,43,54
1,7,15,44,49
1,7,15,44,50
1,7,15,44,53
1,7,15,49,50
1,7,15,49,51
1,7,15,49,54
1,7,15,50,53
1,7,16,17,19
1,7,16,17,23
1,7,16,17,24
1,7,16,17,26
1,7,16,17,27
1,7,16,17,28
1,7,16,17,30
1,7,16,17,31
1,7,16,17,33
1,7,16,17,34
1,7,16,17,37
1,7,16,17,38
1,7,16,17,40
1,7,16,17,41
1,7,16,17,43
1,7,16,17,44
1,7,16,17,49
1,7,16,17,50
1,7,16,17,53
1,7,16,23,26
1,7,16,23,28
1,7,16,23,29
1,7,16,23,33
1,7,16,23,34
1,7,16,23,35
1,7,16,23,37
1,7,16,23,38
1,7,16,23,39
1,7,16,23,40
1,7,16,23,41
1,7,16,23,42
1,7,16,23,43
1,7,16,23,44
1,7,16,23,45
1,7,16,23,48
1,7,16,23,49
1,7,16,23,50
1,7,16,23,51
1,7,16,23,53
1,7,16,23,54
1,7,16,25,26
1,7,16,25,27
1,7,16,25,30
1,7,16,25,31
1,7,16,25,37
1,7,16,25,39
1,7,16,25,40
1,7,16,25,41
1,7,16,25,42
1,7,16,25,45
1,7,16,25,47
1,7,16,25,48
1,7,16,25,50
1,7,16,25,51
1,7,16,26,30
1,7,16,26,31
1,7,16,26,32
1,7,16,26,35
1,7,16,26,41
1,7,16,26,42
1,7,16,26,47
1,7,16,26,48
1,7,16,26,50
1,7,16,26,51
1,7,16,27,28
1,7,16,27,29
1,7,16,27,30
1,7,16,27,31
1,7,16,27,32
1,7,16,27,33
1,7,16,27,34
1,7,16,27,35
1,7,16,27,38
1,7,16,27,39
1,7,16,27,40
1,7,16,27,41
1,7,16,27,42
1,7,16,27,43
1,7,16,27,44
1,7,16,27,45
1,7,16,27,47
1,7,16,27,48
1,7,16,27,49
1,7,16,27,50
1,7,16,27,51
1,7,16,27,53
1,7,16,27,54
1,7,16,29,30
1,7,16,29,31
1,7,16,29,32
1,7,16,29,35
1,7,16,29,37
1,7,16,29,40
1,7,16,29,41
1,7,16,29,42
1,7,16,29,45
1,7,16,29,47
1,7,16,29,48
1,7,16,29,50
1,7,16,29,51
1,7,16,30,32
1,7,16,30,33
1,7,16,30,34
1,7,16,30,35
1,7,16,30,37
1,7,16,30,38
1,7,16,30,39
1,7,16,30,41
1,7,16,30,42
1,7,16,30,43
1,7,16,30,44
1,7,16,30,45
1,7,16,30,49
1,7,16,30,50
1,7,16,30,51
1,7,16,30,53
1,7,16,30,54
1,7,16,31,32
1,7,16,31,35
1,7,16,31,37
1,7,16,31,39
1,7,16,31,40
1,7,16,31,41
1,7,16,31,42
1,7,16,31,45
1,7,16,31,48
1,7,16,31,50
1,7,16,31,51
1,7,16,32,34
1,7,16,32,35
1,7,16,32,37
1,7,16,32,38
1,7,16,32,39
1,7,16,32,40
1,7,16,32,41
1,7,16,32,42
1,7,16,32,43
1,7,16,32,44
1,7,16,32,45
1,7,16,32,47
1,7,16,32,48
1,7,16,32,49
1,7,16,32,50
1,7,16,32,51
1,7,16,32,53
1,7,16,32,54
1,7,16,35,37
1,7,16,35,39
1,7,16,35,40
1,7,16,35,41
1,7,16,35,42
1,7,16,35,47
1,7,16,35,48
1,7,16,35,50
1,7,16,37,43
1,7,16,37,44
1,7,16,37,45
1,7,16,37,48
1,7,16,37,49
1,7,16,37,50
1,7,16,37,51
1,7,16,37,53
1,7,16,37,54
1,7,16,39,40
1,7,16,39,41
1,7,16,39,42
1,7,16,39,47
1,7,16,39,48
1,7,16,39,50
1,7,16,39,51
1,7,16,40,43
1,7,16,40,44
1,7,16,40,45
1,7,16,40,49
1,7,16,40,50
1,7,16,40,51
1,7,16,40,53
1,7,16,40,54
1,7,16,41,42
1,7,16,41,45
1,7,16,41,48
1,7,16,41,50
1,7,16,41,51
1,7,16,42,44
1,7,16,42,45
1,7,16,42,48
1,7,16,42,49
1,7,16,42,50
1,7,16,42,51
1,7,16,42,53
1,7,16,42,54
1,7,16,45,47
1,7,16,45,48
1,7,16,45,50
1,7,16,47,53
1,7,16,47,54
1,7,16,48,53
1,7,16,48,54
1,7,16,50,51
1,7,23,26,33
1,7,23,26,34
1,7,23,26,47
1,7,23,26,49
1,7,23,26,50
1,7,23,26,53
1,7,23,28,29
1,7,23,28,33
1,7,23,28,34
1,7,23,28,35
1,7,23,28,37
1,7,23,28,39
1,7,23,28,40
1,7,23,28,41
1,7,23,28,42
1,7,23,28,43
1,7,23,28,44
1,7,23,28,45
1,7,23,28,47
1,7,23,28,48
1,7,23,28,49
1,7,23,28,50
1,7,23,28,51
1,7,23,28,53
1,7,23,28,54
1,7,23,33,34
1,7,23,33,35
1,7,23,33,37
1,7,23,33,38
1,7,23,33,39
1,7,23,33,40
1,7,23,33,41
1,7,23,33,42
1,7,23,33,44
1,7,23,33,45
1,7,23,33,47
1,7,23,33,48
1,7,23,33,50
1,7,23,33,51
1,7,23,33,54
1,7,23,34,37
1,7,23,34,38
1,7,23,34,40
1,7,23,34,41
1,7,23,34,43
1,7,23,34,44
1,7,23,34,47
1,7,23,34,49
1,7,23,34,50
1,7,23,34,53
1,7,23,37,43
1,7,23,37,44
1,7,23,37,47
1,7,23,37,49
1,7,23,37,50
1,7,23,37,53
1,7,23,38,40
1,7,23,38,42
1,7,23,38,45
1,7,23,38,47
1,7,23,38,48
1,7,23,38,49
1,7,23,38,50
1,7,23,38,51
1,7,23,38,53
1,7,23,38,54
1,7,23,40,43
1,7,23,40,44
1,7,23,40,49
1,7,23,40,50
1,7,23,40,53
1,7,23,41,42
1,7,23,41,43
1,7,23,41,44
1,7,23,41,45
1,7,23,41,48
1,7,23,41,49
1,7,23,41,50
1,7,23,41,51
1,7,23,41,53
1,7,23,41,54
1,7,23,43,44
1,7,23,43,45
1,7,23,43,47
1,7,23,43,48
1,7,23,43,50
1,7,23,43,51
1,7,23,43,54
1,7,23,44,47
1,7,23,44,49
1,7,23,44,50
1,7,23,44,53
1,7,23,47,51
1,7,23,47,53
1,7,23,47,54
1,7,23,49,50
1,7,23,49,51
1,7,23,49,54
1,7,23,50,53
1,7,26,30,31
1,7,26,30,33
1,7,26,30,34
1,7,26,30,49
1,7,26,30,50
1,7,26,30,53
1,7,26,31,32
1,7,26,31,47
1,7,26,31,48
1,7,26,31,50
1,7,26,31,51
1,7,26,47,50
1,7,26,47,51
1,7,26,47,54
1,7,27,28,29
1,7,27,28,30
1,7,27,28,31
1,7,27,28,32
1,7,27,28,35
1,7,27,28,39
1,7,27,28,40
1,7,27,28,41
1,7,27,28,42
1,7,27,28,45
1,7,27,28,47
1,7,27,28,48
1,7,27,28,50
1,7,27,28,51
1,7,27,30,33
1,7,27,30,34
1,7,27,30,38
1,7,27,30,43
1,7,27,30,44
1,7,27,30,53
1,7,27,31,32
1,7,27,31,33
1,7,27,31,34
1,7,27,31,35
1,7,27,31,38
1,7,27,31,39
1,7,27,31,41
1,7,27,31,42
1,7,27,31,43
1,7,27,31,44
1,7,27,31,45
1,7,27,31,48
1,7,27,31,49
1,7,27,31,50
1,7,27,31,51
1,7,27,31,53
1,7,27,31,54
1,7,27,33,34
1,7,27,33,35
1,7,27,33,38
1,7,27,33,39
1,7,27,33,40
1,7,27,33,41
1,7,27,33,42
1,7,27,33,44
1,7,27,33,45
1,7,27,33,47
1,7,27,33,48
1,7,27,33,50
1,7,27,33,51
1,7,27,33,54
1,7,27,34,38
1,7,27,34,40
1,7,27,34,41
1,7,27,34,43
1,7,27,34,44
1,7,27,34,47
1,7,27,34,49
1,7,27,34,50
1,7,27,34,53
1,7,27,38,42
1,7,27,38,45
1,7,27,38,47
1,7,27,38,48
1,7,27,38,49
1,7,27,38,50
1,7,27,38,51
1,7,27,38,53
1,7,27,38,54
1,7,27,40,53
1,7,27,41,42
1,7,27,41,44
1,7,27,41,45
1,7,27,41,48
1,7,27,41,49
1,7,27,41,50
1,7,27,41,51
1,7,27,41,53
1,7,27,41,54
1,7,27,43,44
1,7,27,43,45
1,7,27,43,47
1,7,27,43,48
1,7,27,43,50
1,7,27,43,51
1,7,27,43,54
1,7,27,44,47
1,7,27,44,49
1,7,27,44,50
1,7,27,44,53
1,7,27,47,51
1,7,27,47,53
1,7,27,47,54
1,7,27,49,50
1,7,27,49,51
1,7,27,49,54
1,7,27,50,53
1,7,30,31,35
1,7,30,31,38
1,7,30,31,39
1,7,30,31,44
1,7,30,31,45
1,7,30,33,35
1,7,30,33,37
1,7,30,33,39
1,7,30,33,41
1,7,30,33,42
1,7,30,33,45
1,7,30,33,50
1,7,30,33,51
1,7,30,34,37
1,7,30,34,38
1,7,30,34,41
1,7,30,34,43
1,7,30,34,44
1,7,30,34,49
1,7,30,34,50
1,7,30,34,53
1,7,30,37,43
1,7,30,37,44
1,7,30,37,49
1,7,30,37,50
1,7,30,37,53
1,7,30,38,42
1,7,30,38,45
1,7,30,38,49
1,7,30,38,50
1,7,30,38,51
1,7,30,38,53
1,7,30,38,54
1,7,30,41,42
1,7,30,41,43
1,7,30,41,44
1,7,30,41,45
1,7,30,41,50
1,7,30,41,51
1,7,30,41,53
1,7,30,41,54
1,7,30,43,44
1,7,30,43,45
1,7,30,43,50
1,7,30,43,51
1,7,30,43,54
1,7,30,44,49
1,7,30,44,50
1,7,30,44,53
1,7,30,49,51
1,7,30,49,54
1,7,30,50,53
1,7,31,32,34
1,7,31,32,37
1,7,31,32,38
1,7,31,32,40
1,7,31,32,41
1,7,31,32,43
1,7,31,32,44
1,7,31,32,50
1,7,31,32,53
1,7,31,37,43
1,7,31,37,44
1,7,31,37,45
1,7,31,37,48
1,7,31,37,50
1,7,31,37,51
1,7,31,37,53
1,7,31,37,54
1,7,31,39,40
1,7,31,39,41
1,7,31,39,47
1,7,31,39,48
1,7,31,39,50
1,7,31,39,51
1,7,31,40,43
1,7,31,40,44
1,7,31,40,45
1,7,31,40,50
1,7,31,40,51
1,7,31,40,53
1,7,31,40,54
1,7,31,41,42
1,7,31,41,45
1,7,31,41,48
1,7,31,41,50
1,7,31,41,51
1,7,31,42,44
1,7,31,42,45
1,7,31,42,50
1,7,31,42,51
1,7,31,42,53
1,7,31,42,54
1,7,31,45,47
1,7,31,45,48
1,7,31,45,50
1,7,31,48,53
1,7,31,48,54
1,7,37,43,45
1,7,37,43,47
1,7,37,43,48
1,7,37,43,50
1,7,37,43,51
1,7,37,43,54
1,7,37,44,47
1,7,37,44,49
1,7,37,44,50
1,7,37,44,53
1,7,37,47,51
1,7,37,47,53
1,7,37,47,54
1,7,37,49,51
1,7,37,49,54
1,7,37,50,53
1,7,40,43,45
1,7,40,43,50
1,7,40,43,51
1,7,40,44,49
1,7,40,44,50
1,7,40,44,53
1,7,40,49,51
1,7,40,49,54
1,7,41,42,44
1,7,41,42,50
1,7,41,42,53
1,7,41,48,53
1,7,41,48,54
1,7,47,51,53
1,11,15,18,20
1,11,15,18,22
1,11,15,18,25
1,11,15,18,27
1,11,15,18,29
1,11,15,18,35
1,11,15,18,41
1,11,15,18,42
1,11,15,18,45
1,11,15,19,22
1,11,15,19,24
1,11,15,19,27
1,11,15,19,28
1,11,15,19,33
1,11,15,19,34
1,11,15,19,41
1,11,15,19,43
1,11,15,19,44
1,11,15,22,31
1,11,15,22,33
1,11,15,22,34
1,11,15,22,41
1,11,15,22,44
1,11,15,22,49
1,11,15,22,50
1,11,15,22,53
1,11,15,24,27
1,11,15,24,29
1,11,15,24,35
1,11,15,24,41
1,11,15,24,42
1,11,15,24,43
1,11,15,24,44
1,11,15,24,45
1,11,15,24,53
1,11,15,24,54
1,11,15,27,28
1,11,15,27,33
1,11,15,27,34
1,11,15,27,41
1,11,15,27,43
1,11,15,27,44
1,11,15,27,53
1,11,15,28,29
1,11,15,28,31
1,11,15,28,32
1,11,15,28,34
1,11,15,28,35
1,11,15,28,41
1,11,15,28,42
1,11,15,28,44
1,11,15,28,45
1,11,15,28,49
1,11,15,28,50
1,11,15,28,51
1,11,15,28,53
1,11,15,28,54
1,11,15,33,35
1,11,15,33,41
1,11,15,33,42
1,11,15,33,44
1,11,15,33,45
1,11,15,33,54
1,11,15,34,41
1,11,15,34,43
1,11,15,34,44
1,11,15,41,42
1,11,15,41,44
1,11,15,41,45
1,11,15,41,53
1,11,15,41,54
1,11,15,43,50
1,11,15,43,51
1,11,15,43,54
1,11,15,44,50
1,11,16,17,19
1,11,16,17,22
1,11,16,17,23
1,11,16,17,24
1,11,16,17,27
1,11,16,17,28
1,11,16,17,30
1,11,16,17,31
1,11,16,17,33
1,11,16,17,34
1,11,16,17,40
1,11,16,17,41
1,11,16,17,43
1,11,16,17,44
1,11,16,17,50
1,11,16,17,53
1,11,16,22,31
1,11,16,22,32
1,11,16,22,48
1,11,16,22,50
1,11,16,22,51
1,11,16,23,28
1,11,16,23,29
1,11,16,23,34
1,11,16,23,40
1,11,16,23,41
1,11,16,23,42
1,11,16,23,43
1,11,16,23,44
1,11,16,23,45
1,11,16,23,48
1,11,16,23,50
1,11,16,23,51
1,11,16,23,53
1,11,16,23,54
1,11,16,25,27
1,11,16,25,31
1,11,16,25,40
1,11,16,25,41
1,11,16,25,42
1,11,16,25,45
1,11,16,25,48
1,11,16,25,50
1,11,16,25,51
1,11,16,27,28
1,11,16,27,29
1,11,16,27,31
1,11,16,27,32
1,11,16,27,33
1,11,16,27,34
1,11,16,27,35
1,11,16,27,41
1,11,16,27,42
1,11,16,27,44
1,11,16,27,48
1,11,16,27,50
1,11,16,27,51
1,11,16,27,53
1,11,16,27,54
1,11,16,29,30
1,11,16,29,31
1,11,16,29,32
1,11,16,29,41
1,11,16,29,42
1,11,16,29,48
1,11,16,29,50
1,11,16,29,51
1,11,16,30,33
1,11,16,30,34
1,11,16,30,35
1,11,16,30,41
1,11,16,30,42
1,11,16,30,43
1,11,16,30,44
1,11,16,30,45
1,11,16,30,50
1,11,16,30,51
1,11,16,30,53
1,11,16,30,54
1,11,16,31,32
1,11,16,31,35
1,11,16,31,40
1,11,16,31,41
1,11,16,31,42
1,11,16,31,45
1,11,16,31,48
1,11,16,31,50
1,11,16,31,51
1,11,16,32,34
1,11,16,32,40
1,11,16,32,41
1,11,16,32,42
1,11,16,32,43
1,11,16,32,44
1,11,16,32,45
1,11,16,32,50
1,11,16,32,53
1,11,16,32,54
1,11,16,35,40
1,11,16,35,41
1,11,16,35,42
1,11,16,35,48
1,11,16,35,50
1,11,16,40,50
1,11,16,40,53
1,11,16,40,54
1,11,16,41,42
1,11,16,41,48
1,11,16,41,50
1,11,16,41,51
1,11,16,42,44
1,11,16,42,50
1,11,16,42,53
1,11,16,42,54
1,11,16,45,48
1,11,16,45,50
1,11,16,48,53
1,11,16,48,54
1,11,22,47,51
1,11,22,47,54
1,11,23,40,53
1,11,23,41,42
1,11,23,41,44
1,11,23,41,50
1,11,23,41,51
1,11,23,41,53
1,11,23,41,54
1,11,23,43,47
1,11,23,43,48
1,11,23,43,50
1,11,23,43,51
1,11,23,44,49
1,11,23,44,50
1,11,23,49,51
1,11,23,49,54
1,11,27,28,29
1,11,27,28,31
1,11,27,28,32
1,11,27,28,35
1,11,27,28,41
1,11,27,28,42
1,11,27,28,47
1,11,27,28,48
1,11,27,28,50
1,11,27,28,51
1,11,27,31,32
1,11,27,31,34
1,11,27,31,35
1,11,27,31,41
1,11,27,31,42
1,11,27,31,44
1,11,27,31,48
1,11,27,31,50
1,11,27,31,51
1,11,27,31,53
1,11,27,31,54
1,11,27,33,35
1,11,27,33,41
1,11,27,33,42
1,11,27,33,44
1,11,27,33,47
1,11,27,33,48
1,11,27,33,50
1,11,27,33,51
1,11,27,33,54
1,11,27,34,41
1,11,27,34,44
1,11,27,34,47
1,11,27,34,49
1,11,27,34,50
1,11,27,41,42
1,11,27,41,44
1,11,27,41,48
1,11,27,41,50
1,11,27,41,51
1,11,27,41,53
1,11,27,41,54
1,11,27,44,47
1,11,27,44,49
1,11,27,44,50
1,11,27,47,53
1,11,27,47,54
1,11,27,49,51
1,11,27,49,54
1,11,30,33,35
1,11,30,33,41
1,11,30,33,42
1,11,30,33,50
1,11,30,33,51
1,11,30,34,41
1,11,30,34,44
1,11,30,34,50
1,11,30,41,42
1,11,30,41,44
1,11,30,41,50
1,11,30,41,53
1,11,30,41,54
1,11,30,44,49
1,11,30,44,50
1,11,31,32,34
1,11,31,32,41
1,11,31,32,44
1,11,31,32,50
1,11,31,32,53
1,11,31,41,42
1,11,31,41,48
1,11,31,41,50
1,11,31,41,51
1,11,31,42,44
1,11,31,42,50
1,11,31,42,53
1,11,31,42,54
1,11,31,48,53
1,11,41,42,44
1,11,41,42,50
1,11,41,42,53
1,11,41,48,53
1,12,13,14,16
1,12,13,14,26
1,12,13,14,27
1,12,13,14,30
1,12,13,14,31
1,12,13,14,41
1,12,13,14,47
1,12,13,14,50
1,12,13,16,26
1,12,13,16,27
1,12,13,16,29
1,12,13,16,35
1,12,13,16,39
1,12,13,16,41
1,12,13,16,42
1,12,13,16,45
1,12,13,17,19
1,12,13,17,26
1,12,13,17,27
1,12,13,17,28
1,12,13,17,29
1,12,13,17,33
1,12,13,17,34
1,12,13,17,39
1,12,13,17,41
1,12,13,17,44
1,12,13,17,45
1,12,13,17,53
1,12,13,26,30
1,12,13,26,31
1,12,13,26,32
1,12,13,26,35
1,12,13,26,47
1,12,13,26,48
1,12,13,26,50
1,12,13,26,51
1,12,13,27,28
1,12,13,27,29
1,12,13,27,31
1,12,13,27,32
1,12,13,27,33
1,12,13,27,34
1,12,13,27,35
1,12,13,27,41
1,12,13,27,42
1,12,13,27,44
1,12,13,27,45
1,12,13,27,47
1,12,13,27,48
1,12,13,27,49
1,12,13,27,50
1,12,13,27,51
1,12,13,27,53
1,12,13,27,54
1,12,13,29,30
1,12,13,29,31
1,12,13,29,32
1,12,13,29,41
1,12,13,29,42
1,12,13,29,47
1,12,13,29,48
1,12,13,29,50
1,12,13,29,51
1,12,13,30,33
1,12,13,30,34
1,12,13,30,35
1,12,13,30,39
1,12,13,30,41
1,12,13,30,42
1,12,13,30,44
1,12,13,30,45
1,12,13,30,50
1,12,13,30,53
1,12,13,30,54
1,12,13,31,32
1,12,13,31,35
1,12,13,31,39
1,12,13,31,41
1,12,13,31,42
1,12,13,31,45
1,12,13,31,48
1,12,13,31,50
1,12,13,31,51
1,12,13,32,34
1,12,13,32,39
1,12,13,32,41
1,12,13,32,42
1,12,13,32,44
1,12,13,32,45
1,12,13,32,47
1,12,13,32,49
1,12,13,32,50
1,12,13,32,53
1,12,13,32,54
1,12,13,35,41
1,12,13,35,42
1,12,13,35,47
1,12,13,35,50
1,12,13,39,47
1,12,13,41,42
1,12,13,41,45
1,12,13,41,48
1,12,13,41,50
1,12,13,41,51
1,12,13,42,44
1,12,13,42,49
1,12,13,42,50
1,12,13,42,53
1,12,13,42,54
1,12,13,45,47
1,12,13,45,50
1,12,13,47,54
1,12,13,48,53
1,12,19,26,30
1,12,19,26,31
1,12,19,26,33
1,12,19,26,34
1,12,19,26,44
1,12,19,26,47
1,12,19,26,49
1,12,19,26,50
1,12,19,27,28
1,12,19,27,34
1,12,19,27,41
1,12,19,27,43
1,12,19,27,44
1,12,19,28,29
1,12,19,28,32
1,12,19,28,39
1,12,19,28,41
1,12,19,28,42
1,12,19,28,45
1,12,19,28,48
1,12,19,38,47
1,12,19,38,48
1,12,19,38,50
1,12,19,38,51
1,12,19,41,42
1,12,19,41,44
1,12,26,30,33
1,12,26,30,34
1,12,26,30,53
1,12,26,31,32
1,12,26,31,34
1,12,26,31,35
1,12,26,31,50
1,12,26,31,51
1,12,26,31,53
1,12,26,31,54
1,12,26,33,35
1,12,26,33,48
1,12,26,33,50
1,12,26,33,51
1,12,26,34,47
1,12,26,34,49
1,12,26,34,50
1,12,26,47,54
1,12,26,49,51
1,12,27,28,29
1,12,27,28,31
1,12,27,28,32
1,12,27,28,34
1,12,27,28,35
1,12,27,28,41
1,12,27,28,42
1,12,27,28,44
1,12,27,28,45
1,12,27,28,49
1,12,27,28,50
1,12,27,28,51
1,12,27,28,53
1,12,27,28,54
1,12,27,33,35
1,12,27,33,41
1,12,27,33,42
1,12,27,33,44
1,12,27,33,45
1,12,27,34,41
1,12,27,34,43
1,12,27,34,44
1,12,27,41,42
1,12,27,41,44
1,12,27,41,45
1,12,27,41,53
1,12,27,41,54
1,12,27,43,45
1,12,27,43,50
1,12,27,43,51
1,12,27,44,50
1,12,28,29,31
1,12,28,29,34
1,12,28,29,41
1,12,28,29,44
1,12,28,29,47
1,12,28,29,49
1,12,28,29,50
1,12,28,31,34
1,12,28,31,35
1,12,28,31,41
1,12,28,31,42
1,12,28,31,44
1,12,28,31,45
1,12,28,31,54
1,12,28,32,34
1,12,28,32,41
1,12,28,32,44
1,12,28,32,45
1,12,28,32,53
1,12,28,34,41
1,12,28,34,42
1,12,28,34,44
1,12,28,34,47
1,12,28,34,48
1,12,28,34,50
1,12,28,34,51
1,12,28,35,41
1,12,28,35,42
1,12,28,35,47
1,12,28,35,49
1,12,28,35,50
1,12,28,41,42
1,12,28,41,44
1,12,28,41,45
1,12,28,41,50
1,12,28,41,51
1,12,28,41,54
1,12,28,42,44
1,12,28,42,50
1,12,28,42,53
1,12,28,42,54
1,12,28,44,48
1,12,28,44,50
1,12,28,45,47
1,12,28,45,49
1,12,28,48,53
1,12,33,35,41
1,12,33,41,42
1,12,33,41,45
1,12,33,42,44
1,12,34,38,48
1,12,34,38,51
1,12,34,41,42
1,12,34,41,44
1,12,34,44,50
1,12,41,42,44
1,12,41,44,50
1,26,30,33,35
1,26,31,32,34
1,26,31,32,50
1,27,28,29,31
1,27,28,29,41
1,27,28,29,50
1,27,28,31,41
1,27,28,31,42
1,27,28,31,45
1,27,28,32,34
1,27,28,32,41
1,27,28,32,44
1,27,28,41,42
1,27,28,41,50
1,27,28,41,51
1,27,28,42,44
1,27,28,42,50
1,27,34,41,42
1,27,34,41,44
1,27,41,42,44
1,27,41,44,50
1,41,42,44,50
7,8,9,10,12
7,8,9,10,41
7,8,9,12,13
7,8,9,12,14
7,8,9,12,19
7,8,9,12,27
7,8,9,12,28
7,8,9,12,29
7,8,9,12,34
7,8,9,12,41
7,8,9,12,42
7,8,9,12,44
7,8,9,14,17
7,8,9,14,29
7,8,9,14,32
7,8,9,14,41
7,8,9,14,42
7,8,9,14,50
7,8,9,41,42
7,8,9,42,44
7,8,12,19,27
7,8,12,19,28
7,8,12,19,34
7,8,12,28,31
7,8,12,28,32
7,8,12,28,34
7,8,12,28,50
7,8,12,34,44
7,8,13,16,29
7,8,13,16,34
7,8,13,17,19
7,8,13,17,29
7,8,13,17,34
7,8,13,17,41
7,8,13,17,44
7,8,13,29,50
7,8,13,31,41
7,8,13,31,42
7,8,13,31,44
7,8,13,32,44
7,8,13,34,42
7,8,13,34,50
7,8,19,34,41
